0 0 1 2 3 4 5 6 7 8 9 10 11 12 13 14 15 16 17 18 19 20 21 22 23 24 25 26 27 28 29 30 31 32 33 34 35 36 37 38 39 40 41 42 43 44 45 46 47 48 49 50 51 52 53 54 55 56 57 58 59 60 61 62 63 64 65 66 67 68 69 70 71 72 73 74 75 76 77 78 79 80 81 82 83 84 85 86 87 88 89 90 91 92 93 94 95 96 97 98 99 100 101 102 103 104 105 106 107 108 109 110 111 112 113 114 115 116 117 118 119 120 121 122 123 124 125 126 127 128 129 130 131 132 133 134 135 136 137 138 139 140 141 142 143 144 145 146 147 148 149 150 151 152 153 154 155 156 157 158 159 160 161 162 163 164 165 166 167 168 169 170 171 172 173 174 175 176 177 178 179 180 181 182 183 184 185 186 187 188 189 190 191 192 193 194 195 196 197 198 199 200 201 202 203 204 205 206 207 208 209 210 211 212 213 214 215 216 217 218 219 220 221 222 223 224 225 226 227 228 229 230 231 232 233 234 235 236 237 238 239 240 241 242 243 244 245 246 247 248 249 250 251 252 253 254 255 256 257 258 259 260 261 262 263 264 265 266 267 268 269 270 271 272 273 274 275 276 277 278 279 280 281 282 283 284 285 286 287 288 289 290 291 292 293 294 295 296 297 298 299 300 301 302 303 304 305 306 307 308 309 310 311 312 313 314 315 316 317 318 319 320 321 322 323 324 325 326 327 328 329 330 331 332 333 334 335 336 337 338 339 340 341 342 343 344 345 346 347 348 349 350 351 352 353 354 355 356 357 358 359 360 361 362 363 364 365 366 367 368 369 370 371 372 373 374 375 376 377 378 379 380 381 382 383 384 385 386 387 388 389 390 391 392 393 394 395 396 397 398 399 400 401 402 403 404 405 406 407 408 409 410 411 412 413 414 415 416 417 418 419 420 421 422 423 424 425 426 427 428 429 430 431 432 433 434 435 436 437 438 439 440 441 442 443 444 445 446 447 448 449 450 451 452 453 454 455 456 457 458 459 460 461 462 463 464 465 466 467 468 469 470 471 472 473 474 475 476 477 478 479 480 481 482 483 484 485 486 487 488
1 489 490 491 492 493 494 495 496 497 498 499 500 501 502 503 504 505 506 507 508 509 510 511 512 513 514 515 516 517 518 519 520 521 522 523 524 525 526 527 528 529 530 531 532 533 534 535 536 537 538 539 540 541 542 543 544 545 546 547 548
2 502 549 503 550 551 507 552 499 516 533 495 553 554 555 556 557
3 516 507 526 558 492 494 495 499 559 502 518 490 509
4 560 561 562 563 564 565 566 567 568 569 570 571 572 573 574 575 576 577 578 579
5 580 581 582 583 584 585 586 587
6 588 589 590 591 592 593 594 595
7 596 572 597 598 599 600 601 602 603 604 605 606 607
8 578 560 567 564 571 608 609 610 611 612 613 614 615 616 617 618 50 619 620 621 622 623 624 51 625
9 626 627 628 629 630 631 632 633 634 635 636 637 638 624 639 640
10 625 641 642 643 644 645 646 61 632 647 648 649 650 651 51 652 653
11 654 655 656 657 658 659 660 661
12 662 663 618 664 54 665 666 667 668
13 669 670 67 671 672 673 674 675 676 677 644 678
14 679 680 51 681 682 683 674 684 685 686 687 688 689
15 690 674 632 580 684 685 691 45 692
16 693 694 695 696 697 698 699 700 701
17 702 703 704 705 706 707 708 709 631 710 632 711 712 713 714 715 716 717 718 719 720 721 646 722 723 724 725 726 727 674 580 728 729 730 731 732 733 734 735 736
18 737 658 738 739 740 741 742 743 744 745 746 642 747 748 749 750 751 752 753 754 755 756 757 758 759 760 761 762 763 764 765 766 767 768
19 769 770 771 772 773 774 775 776 777 778 779 780 781 782 783 683 784 785 786 787 788 789
20 492 703 790 791 68 792 674 793 617 516 794 795 527 796 513 797 549 798 512 525 521 507 556 523 799 800 535 801 495 802 803 804 805 806 807 559
21 610 51 808 681 611 612 809 810 811 812 589 813 814 815 816 817 818 819 820 821 822 823 824 825 674 826 827 828 829 632 830 831 832 833 834 835 836 837 838 839 840 841
22 842 843 844 845 846 847 848 849
23 850 851 852 853 854 855 856 857 858 859 860 861 862 863 864 865 866 867 656 868 869 870 871 872 873 874 875 876 877 878 879 880 881 882 883 677 884 885 886 887 888 889 890 891 892 893 894 895 896 897 898 899 900 901 902 903 904 905 906 907 908 909
24 910 657 911 912 913 914 915 916 917 918 919 920 921 922 923 924 925 926 927 928 929 930 931 932 933
25 934 626 935 936 937 938 939 940 941 942 656 943 944
26 692 672 945 946 580 947 948 949
27 950 951 952 953 954 955 956 957 958 959 960 961 560 962 963 964 965 966 967 968 969 970 971 972 973 974 975 976 977 978 979 571 980 577 981 570
28 601 982 983 600 984 985 986 987 988 598 989 990
29 991 992 993 922 994 995 996 997 998 999 1000 1001 1002 1003 1004 1005 1006 1007 918 1008 1009 1010
30 51 610 580 54 641 704 609 625 651 663 611 793 1011 690 1012 67 1013 949 1014 945 632 1015 1016 45 1017 713 1018 66 64 68 671 1019 714 1020 1021 1022 1023 679 1024 672
31 1025 1026 1027 1028 1029 1030 910 1031 1032 1033 1034 877 1035 1036 1037 1003 1038 1039 1040 1041 1042 1043 1044 1045 1046 1047 1048 1049 1050 1051
32 1052 1053 937 1054 1055 1056 747 1057 1058 1059 1060 1061 1062 660 1063 1064 627 843 1065 1066 661 1067 1068 1069 1070 938 1071 657 1072 763 1073 1074 628 1075 1076 655 854 936 1077 1078 1079 1080 1081 1082 1083 926 1084 1085 1086 1087 1088 1089 1090 1091 1092 1093 595 1094 890 1095 1096 1097 1098 1099 1100 1101 1102 1103 1104 1105 1106 1107 1108 1109 845 1010 1110 621 1111 1112 1113 1114 1115 1116 1117 1118 1119 1120 644
33 1121 1122 1123 541 1124 800 796 1125 540 1126 534 1127 1128 1129 548 1130 1131 492 537 559 1132 536 1133 1134 1135 1136 799 496 552 1137 502 1138
34 1139 1044 1140 1027 1141 1142 1143 843 893 1144
35 1145 1146 671 1147 822 1148 1149 1150
36 1151 557 800 805 1152 1153 1154 1155 1156
37 664 1157 631 1013 51 790 609 1023 1158 680 1159 647
38 1160 1154 1161 1162 1163 1164 1165 1166 1167 1168 942 1169 1170 1171 1172
39 703 679 1173 674 1174 68 1175 609 1017 51 663 1157 64 1176 1177 714
40 1178 1179 1180 1181 1182 1183 1184 1185 953 1186 1187 1188 977 560 1189 1190 1191 1192 567 1193 1194 1195 1196 1197 1198 1199 1200 1201 1202 1203 1204 1205 1206 570 1207 1208 1209 1210 1211 1212 1213 1214 1215 1216 1217 1218 1219 1220 1221 1222 1223 1224 1225 1226 1227 1228 1229 968 1230 1231 1232 1233 1234 1235 1236 1237 1238 1239 1240 1241 1242 1243 1244 1245 1246 1247 1248 1249 1250 1251 874 1252 1253 1254 1255 1256 1257 1258 1259 1260 1261 1262 1263 1264 1265 1266 1267 55 1268 1269 1270 1271 1272 1273 642 1274 810 1275 1276 1277 1278 1279 1280 1281 1282 1283 1284 1285 1286 1287 1161 1288 1167 1289 1290 1154 1291 1292 870 1293 768 1294 1295 1296 1297 1298 1299 1300 1301 1302 1303 1304 1305 1306 1307 1308 942 1309 745 1310 1311 1153 1312 1313 1091 1314 1315 1316 1069 1317 1318 1319 1320 1321 1322 1323 1324 1325 1326 1327 1328 1329 1330 1331 1332 1333 1334 1335 1336 1337 1338 1339 1340 1341 1342 1343 1344 1345 1346 1347 1348 1016 1349 1350 611 1351 1352 1353 1354 1355 1356 1357 1358 1359 1360 1361 1362 1363 1364 1365 896 1366 1367 1368 1369 1370 1371 1372 1373 1374 1116 1375 1376 1377 1378 1379 1380 1381 1382 1383 1384 1385 1386 1387 1388 1389 1390 1391 1392 1393 1394 1395 1396 1397 1398 1399 1400 1140 1401 1402 1403 1404 1405 1406 1407 1408 1409 1410 1411 1412 1413 1414 1415 1416 1417 1418 1419 1420 1421 1422 631 1423 676 1424 1425 891 1426 1427 1428 1429 1430 1431 1432 1433 1434 1435 1436 1437 1438 1439 1440 1441 863 1442 1443 1444 1445 1446 1447 1448 1449 1450 1451 835 1452 1453 1454 1455 627 1456 1457 833 1458 1459 1460 1461 1462 1463 1464 1465 1466 1467 1468 1469 1470 1471 1472 1473 1474 1068 1475 1476 1477 1478 1479 1480 1481 1482 1483 1484 666 1485 1486 1487 1488 1489 867 1490 1491 1492 1493 1494 1495 1496 1497 1498 1499 1500 1501 1502 1503 1504 1505 1506 1507 1508 1509 1510 656 1511 904 1512 1513 1514 1515 1516 1517 45 1518 1519 1520 1521 1522 1523 1524 1525 1526 1527 1528 1529 1530 1531 1532 1533 1534 1535 1536 1537 1538 1539 1540 1541 1542 1543 1544 1545 1546 692 1112 1547 1548 1549 1550 1551 1552 1553 1554 1555 1556 1557 707 1558 1559 1560 1561 54 1562 595 1563 1564 1565 1566 1567 751 1568 1155 1569 1570 1571 1572 1573 1574 1575 1576 1577 1578 1579 1580 1581 923 1582 1583 1584 1585 1586 1587 1588 1589 1590 1591 1592 1593 1594 1595 1596 1597 1598 1599 1600 1601 1602 1603 1604 1605 1606 594 1607 1608 1609 1610 1611 1612 1613 1614 1615 1616 1617 1618 1619 1045 1620 1621 1622 1623 1624 1625 1626 1627 1628 1629 1630 1631 862 1632 1633 1634 1635 1636 1637 1638 1639 1640 1641 1642 748 1643 1644 1645 1646 1647 1648 1649 1650 1651 1652 1653 1654 1655 1656 1657 1658 1659 1660 1661 1662 1663 1664 1665 1666 1667 1668 1669 1670 1671 1672 1673 1674 1675 1676 1677 1678 1679 1680 1681 1682 1683 1171 1684 1685 1686 1687 1688 1689 1690 1691 1692 1693 1694 1695 1696 1697 1698 1699 1700 1701 1702 1703 1704 1705 883 914 1706 1707 1708 1709 1710 1711 1170 903 902 1712 1713 1714 1715 1716 1717 1718 1719 1720 1721 1722 1723 1724 1725 1726 1727 1728 1729 1730 1731 1732 1733 1734 1735 1736 1737 1738 1739 1740 1741 1742 1743 1744 1745 1746 1747 1748 1749 1750 1751 1028 1752 1753 1754 1755 1756 1757 1758 1759 1760 1761 1762 1763 1764 1765 1766 1767 1768 1769 1770 1771 1772 1773 1774 1775 1776 1049 1777 1778 1779 1780 1781 1782 848 1783 1784 1785 1786 1787 1788 1789 1790 1791 1792 1793 1029 1794 1795 1796 1797 1798 1799 1800 1801 1802 1803 1804 1805 1806 1807 1808 1809 1810 1811 1812 1813 1814 1815 1816 1817 1818 1819 1820 1821 1822 1823 1824 1825 1826 1827 1828 1829 1830 1831 1832 1833 1834 1096 1835 1836 1837 1838 1839 1840 1841 1842 1843 1844 1845 1846 936 1847 1848 1849 1850 1851 1852 1853 1854 1855 1856 1857 1858 1859 1860 1861 1862 1863 1864 1865 1866 1867 1868 1869 1870 1871 1872 1873 1874 1875 1876 1877 1878 1879 1880 1881 1086 1882 1883 1884 1885 1886 1887 1888 1889 1890 1891 1892 1893 1894 1895 1896 1897 1898 1899 1900 1901 1902 1903 1904 1905 1906 1907 1908 1909 1910 1911 1912 1913 1914 1915 1916 1917 1918 1919 1920 1921 1922 1923 1924 1925 1926 1927 1928 1929 1930 1931
41 66 679 1932 672 580 1003 632 692 793 652 1933 51 612 610 609 1934 648 1293 1935
42 1936 1937 1938 1939 602 596 989 599 605 1940 1941 1942 1943
43 609 54 1944 1945 1946 716 1947 681 1935 1948 828 1934 1949
44 580 1360 1145 1950 611 822 1951 620 1952 609
45 67 1953 1954 1955 1956 1957 1958 1433 1959 863 1960 1961 1962 1963 1964 1965 1070 1320 1966 1150 644 1967 676 678 1968 833 1969 1970 1971 1972 1973 1974 1975 1976 1977 1240 1978 1979 849 1980 1981
46 1023 692 1982 1983 685 626 672 1934 1984 670 1020 1019 611 674 1932 681 704 793 1985 1986 1987 1988 632 1421 1014 663 1989 680 945 1145 1990 1991 1511 1992 1993 1011 1994 1933 1995 1996 1948 1997 1158 1998 1999 1159 2000 2001 810 1018 2002 2003 2004 2005 2006 2007 673 1360 2008 868 2009 2010 614 2011 2012 2013 2014 2015 619 633 2016 2017 2018 2019 2020 2021 60 622 2022 2023 2024 2025 2026 1013 652 2027 610 2028 2029 2030 2031 2032 812 2033 2034 2035 2036 1110 648 621 2037 2038 2039 2040 2041 2042 1111 2043 2044 641 2045 2046 2047 625 2048 1952 811 2049 2050 2051 623 2052 2053 2054 2055 2056 1293 1416 2057 2058 716 2059 2060 2061 824 636 2062 2063 2064 2065 2066 2067 1147 1424 639 2068 2069 2070 2071 2072 2073 1419
47 2074 2075 2076 2077 2078 2079 209 2080 2081 2082 2083
48 2084 681 1018 809 685 64 1014 67 51 704
49 1011 647 702 704 611 685 720 648 2085 709 1023 713 718 707 1018 2086 2087 2088 2089 2090 2091 620 2092 2093 2094 1423 2095 2096 2056 2097 2098 2099 2100 2101 2102 2103 2104 2105 2106 2107 2108 2109 2110 2111 2112 2113 2114 2115 2116 2117 2118 2119 2120 2121 2122 2123 2124 2125 2126 2127 1418 2128 2129 50
50 1360 793 711 713 1932 704 68 2130 715 2131 2132 2133 2134 2135 2136 2137 1997 2138 2139 2140 2141 2142 619 2020 2143 2144 2145 2085 2146 2026 2147 1421 2148 50 2125 1177 1415 2149 2150 1416 2151 2152 2153 2154 2057 2155 2156 624
51 498 2157 2158 2159 506 546 803 2160 2161 2162 2163
52 2164 2165 1315 2166 685 2167 2168 2169
53 576 2170 2171 2172 2173 2174 2175 2176
54 674 692 2177 2062 2178 2179 2010 2044 1952 2021 2180 648 2131 611
55 627 944 1525 1052 1065 2181 920 2182 2183 2184 2185 2186 2187 2188
56 2189 499 520 1126 496 512 1123 800 2190 802 545 1128 2191 2192 2193 497
57 507 2192 531 520 497 527 2194 2195
58 611 2196 65 1992 1012 2033 2197 1935 2085 2021 2198 2199 2035 2028 2200 1998 1360 2201 2202 1103 2203 2204 2205 2206 623 2207 2208 2209 2210 2050 2211 2212 2213 2061 2037
59 2214 2215 2216 2217 1101 1243 1044 874 2218 751 894 2219 911 2220 642
60 1950 2221 615 2222 2223 2224 51 2225 2226 679 651 2227 1932 2228 1019 716 1360 1998 2229 2137 2230 2231 2232 2233 2084 2234 2235 2236 2237 2238 2239 2240 2241 632 2242 2243 2244 2245 2246 2247 2248 2249 2250 2251 2252 2253 2254 649 2255 2256 2257
61 672 2258 2211 625 681 1934 2259 1948
62 525 796 548 492 524 504 546 2163 497 2260 2261 2262
63 51 2263 690 692 2264 2265 2266 656 2267 2268
64 2269 2270 1719 2271 2272 1595 871 2273 2274
65 1145 2012 2085 2021 2033 65 611 2275 653 1952
66 643 2276 1423 2122 716 2277 2278 2279
67 2280 2281 2282 2085 2283 68 2284 2285
68 1017 2286 625 1014 833 51 632 2287 611 1988 2288 2282 674 64 2289 2290 2291 2292 724 2293 2294 2295 820 2296 2297 2298 2299 2300 2301 2302 2303 2304 2305 2306 2307 2308 2309 2310 2311 2312
69 2313 2314 1938 2315 596 984 2316 2317 600 603 599 2318 2319 2320 2321 2322 2323
70 1350 2324 853 1257 2325 2326 2327 2328 657 1500
71 2062 1421 1932 652 663 948 1360 623 629
72 1031 2329 870 1053 1374 2330 1153 1365 2331 1257 1379 2332 2333 1003 2334 2335 2336 2337 2338 2339 751 2340 2341 2342 1644 1808 1853 1636 2343 2344 2345 2346 2347 2348 2349 1839
73 1525 2350 2351 632 1947 2352 1017 2353 611 2354 1019 664 2045 1416 2355 2050 2356 662 2357 2358 1949 2359 2360 2361 2085 2362 2245 2363 2364 2365
74 2221 68 2283 2366 617 692 632 1173 610 2367 2368 2369 2370 2371 2372 2373 2374 2375 980 2376 2377 578 2378 566 2379 2380 685 2381 810
75 625 66 2382 2258 1989 2383 2384 2385 2386 2387 643 2388 2389 2390 661 1102 1017 2391 1575 2392 2393 618 621 2394 2184 874 2395 2396 2397 2398 2399 2400 2092 2089 2401 2223 2402 2403 2404 2405 2406 2407 2408 2409 2410 2411 2412 2413 2414 2415 2225 2416 2417 2143 2418 2419
76 2420 2421 1374 2422 1356 2423 1052 2424 580 2085 2425 2426 2427 2428 2429 2430 2431 2432 1101 833
77 663 685 1250 2433 2434 911 2435 2436 2437 1499 2438 2439 1773 2345 1327 2440 594 2441 1255 2442 2443 2444 2445 2446 2447 2448 2449 1567 2450 2451 2452 2349 1645 1483 1412 2453 2454 1563
78 773 2455 2456 2457 2458 2459 784 2460 2461 2462 2463 2464 2465 2466 2467 2468 2469 2470 2471 2472 788 2473 2474 2475 2476 771 2477 2478 2479 777 2480 2481 2482 774 2483 2484 2485 782 2486 2487 2488 2489 785
79 537 807 802 2490 2158 521 2491 2492 516
80 1019 692 54 51 949 663 2282 66 65 681 1014 580 2493 2494 2495 632 2226 2496 2497 2179 2258 2211 589 590 1971 2498 2499 2500
81 572 2501 2502 2321 2316 2503 2504 607 2505 2506 2507 2508 2509 2510 2511 2512
82 2513 2514 2515 2516 1368 2517 1517 2518 2519 2520 2521 2522 2523 2524 2429 2217 843 2525 2526 2527 2528 2422 1259 1370
83 2529 2530 2531 798 2532 2533 2534 2535 2536 2537 545 2538 2539 2540 2541
84 1174 1512 910 2542 2543 745 2544 2545 1006
85 2546 945 1932 684 2547 2548 2549 632 2550 2255 674 722 2551 68 2552 2553 2554 833 2555 2556 2557 2558 2559 2560 2086 697 2561 2562 2563 793 1020 1997 2564 2565 2566 2567 2568 2569 685 2570 2000 2571 2572 2573 1360 1014 2574 2575 2576 2577 2578 2579 2580 652 2581 2582 2583 2584 2585 2138 2586 2587 1672 2588 2589 2590 2591 810 2592 2593 2594 2595 2596 2597 2598 2599 2600 2601 2602 61 2603 2604 2605 2606 718 2607 2608 2223 2609 2610 2611 2612 2613 2112 2614 2615 2616 1421 2617 2618 2495 2010 2619 2620 2621 2047 703 2622 2623 649 2624 2625 809 2626 2627 2058 1545 2628 2629 2630 2631 2632 2633 2634 2635 2636 2637 1423 2247 711 2638 2639 2014 704 2139 2640 2641 2642 2643 2644 631 2645 2646 2647 2648 2649 1416 2650 2651 2652 2653 2654 2655 2656 2657 822 1024 670 2197 2658 2092 2659 2660 2661 2391 1349 2662 2663 2664 2665 2666 2667 2668 2412 2669 2670 2671 2672 2116 2673 2149 588 2674 2675 698 2148 2676 2677 2678 2679 2106 2680 2681 2682 2683 2124 2684 2685 2686 2687 2688 2689 2690 2691 2692 2693 2694 2695 2696 2697 2698 2699 2700 2701 2702 2703 2704 2705 2706 2707 2708 2709 2710 2711 2712 2713 2231 2714
86 591 1694 2715 2716 2717 1664 1140 2718 1512 2719 2720 1306 2721 2722
87 572 685 619 672 2028 1293 2723 2724 2725 2726 597
88 2727 2728 1512 2729 922 1908 1284 1681 1382 2730 751 2731 842 655 2732 2733 2734 2735 2736 2737 1143 2738 2739 2740 2741 2742 2743 2220 1403 2744 2745 2746 1394 2747 2748 938 2749 2750 767 2751 2752 2753 2754 2755 2756 2757 2758 2759 2760 745 2761 2762 2763 2764
89 2765 843 1061 876 626 661 2766 676
90 658 1061 1179 1038 2325 2767 2768 2769 2770 908 2718 1036 2771
91 2197 707 2558 2085 2772 2773 60 2774 2775 2776 2777 2056 2778 2550 2779 649 2658 2644 1293 2780 2781 2782 2639 2783 2646 2784 2667 2785 698 2786 2787 2788 2789 624 2698 2022 2790 2791 2678 2792 2793 2057 2794 2795 2796 2797 1997 2798 2611 2641 2394 2799 2800 2801 2802 2803 2804 2154 2805 2806 2807 2808 2616 2692 2809 2810 2811 2599 2549 2812 2813 2814 2815 2816 2039 2817 2818 2819 2702 2820 2821 2822 2823 61 2824 2825 2826 2827 2828 2683 2414
92 1038 2829 707 611 1065 2220 2830 2831 2832 2833 994 940 1427 1052 1058 1392 751 661 1003 642 2387 2834 942 2835 2836 1057 1080 2837 2838 1086 1930 2839 910 1026 2717 1140 2840 1063 2841 1144
93 800 2842 2843 2844 2845 2846 2847 2848 2849 2850 2851 2852 2853 2854 2855 2856 2857 2858 2859 2860 2861 2862 2292 2863 2864 2865 2866 2867 2868 2869 2870 2297 2871 2872 2873 2874 2875 2876 2877 2878 2879 2880 2881 2882 2883 2884 2885 2886 2887 2888 2889 2890 2891 2499 2892 2893 2894 2895 2896 2897 2898 2899 2900 2901 2902 2903 2904 2905 2906 2907 2908 2909 2910 2911 2912 2913 2914 2915 2916 2917 2918 2919 2920 2921 2922 2923 2924 2925 2926 2927 2928 2929 2930 2931 2932 2933 2934 2935 2936 2937 2938 2939 2940 2941 2942 2943 2944 2307 2945 2946 2947 2948 2949 2950 2951 2952 2953 2954 2955 2956 2957 2958 2959 2960 2961 2962 2963 2964 2965 2966 2967 2968 2969 2970 2971 2972 2973 2974 2975 2976 2977 2978 2979 2980 2981 675 2982 2983 2984 2985 2986 2987 2988 2989 2990 2991 2992 2993 2994 2995 2996 2997 2998 2999 3000 3001 3002 3003 3004 3005 3006 3007
94 2467 2482 3008 779 2474 3009 785 3010 2485 3011 686 3012 3013 3014 3015 3016 2470 3017 788 3018 3019 2459 2477 688 2478 689 3020 3021 3022 2489 3023 3024 2471 2483 3025 3026 3027 3028 3029 2464 3030 3031 3032 3033 2458 3034 3035 3036 599 3037 596 3038
95 615 496 2050 2052 2210 623 1997 3039
96 3040 833 3041 3042 3043 3044 3045 868 3046 64 949 3047 61 615 1420 793 946 2012 3048 580 674 716 2494 652 2400 3049 663 632 2631 3050 3051 3052
97 1044 1035 3053 1284 2422 3054 3055 3056 3057 2831 2747 1036 3058 3059 3060 3061 750 3062
98 3063 2603 2549 3064 3065 3066 3067 3068 3069 3070 3071 3072 3073 3074 2553 3075 3076 3077 2641 3078
99 3079 2056 2196 2062 2006 3080 822 67
100 2764 3081 3082 2220 3083 3084 2770 911 2733 887 1049
101 681 1988 685 648 809 680 3085 3048
102 3086 1284 2211 66 54 3087 67 3088 657 3089 1179 3090 910 656 1373 3091 3092 2326 631 1935 1635 1500 3058 913 903 865 3060 3053 3093 1101 3094 3095 1036 1027 835 1140 3096 666 1377 3097 3098 1270 891
103 672 809 2583 589 3049 3099 1019 2168 45 51 2282 632 663 3100 580 66 3101
104 835 874 2740 3102 894 3103 3104 900 1289 2434 3105 910 3106 1299 1595 3107 1373 1350 3108 1679 2214 1028 911 1464 2274 1038 1477 2747 3109 3058 3110 1064 3111 3112 1007 3113 3114 1274 627 595 898 3115 1026 2366 3116 2831 3117 866 3118 857 3119 3120 2270 3121 767 3122 1849 3123 3124 3125 1398 3126 3060 2449 1027 3127 1277 1065 678 3128 2271 3129 2752 3130 1061 1519 3131 3132 1051 1283 1055 3133 843 3134 3135 3136 1035 3137 2758 2730 1430 3138 3139 3140 3141 3142
105 3143 674 2286 45 632 692 1932 945
106 674 703 3144 1416 1011 3145 1423 3146 3147 3148 629
107 3109 1026 2427 642 1144 752 3149 874 3150 3056 2718 3104 3151 3152 1063 3153 3154 2716 3155 751 1253 3156 3107 2739 1140 926 3157 2215 1035 3105 1033 870 3158 3159 3160 2717 911 1394 3161 3079 3162 3163 1243 3164 1038 3165 3166 3090 992 846 3167 3168 1863 3169 3129 3170 3171 3172 3173 1036 3174 2434 1679 3175 3176 3177 3178 3179 3039 2216 3180 1070 2220 2747 3181 627 3182 3044 1246 1277 3183 3184 894 835 3185 3186 3187 833 3188 995 3189 996 1284 3190 3191 3192 3193 895 3194 3084 843 1362 1245 1048 3195 3108 3196 3197 1278 3198 1908 3199 3200 3201 3202 3203 1092 3053 3204 3205 991 1001 3206 1002 2218 3207 1595 1350 2752 2840 1065 3060 3208 3123 1373 898 3209 3121 1377
108 3210 833 66 692 65 1017 632 590 719 2211 679 671 580 45 67 610 680 663 625 51 3211 3212 2377 589 3213 684 664 1174 3214 609 2281 2188 3215 3216 3217 3218 617 68 3219 619 813 685 3220 3221 3222 3223 3224
109 937 661 1525 580 942 3225 676 2325 3226
110 3076 685 2085 3227 45 707 3228 3229 3230 3231 3232 3233 3234 722 3092 3213 649 3235 2202 3236 3237 2255
111 835 759 1350 874 3106 3238 1393 3239 753 1595 1257 1540
112 3240 3241 1079 1069 875 3242 944 678 2765 739 867 861 883 3094 2732 3243 3244 1901 766 1976
113 3245 3155 2831 595 1140 661 2187 3246 3247 3119 3248 911 3162 2216 2214 3249 3104 3250 3133 3113 2084 642 3163 1036 1035 627 3251 3252 1038 1427 2760 3181 3253 2841 3254 2747 2756 3255 1394 1099 3256 3257 1026 1964 913 3258 3167 3259 3260 833 2220 3090 3261 3262 3116 3263 3264 3110 3117 3265 2745 3266 3129 2837 1142 3267 3268 3269 2330 3270 2731 1521 3271 3272 3273 2215 1096 1443 1042 3274 3275 3201 3276 1037 3277 1537 3278 1031 3279 3041 3105 991 656 3280 3192 3109 862 751 1916 843 3281 3200 3165 3055 3282 1028 2434 2390 3125 3283 741 3284 3285 919 3286 873 2092 1791 3287 2366 631 3288 664 704 3289 3290 906 3291 3292 3205 3293 900 2718 1362 1342 3202 3101 3126 3123 3294 3295 3103 3296 2449 3297 3060 1065 3079 1511 3298 3299 3128 3300 3301 3302 3303 1046 3304 1377 3305 1517 3306 3134 2753 3307 2754 923 2755 3308
114 1934 2033 2493 945 67 2028 2056 685 2179 3309 1999 3310 3311 3312 619 3313 2196 2062 1988 2776 3314 2040 3315 3316 3317 1293 2178 2019 3318 3319
115 615 580 618 685 3320 609 3321 1525 3322 3050 3317 612
116 3323 1545 1932 2283 1014 3324 3325 64 609 3326 1019 1360 2020 652
117 2229 611 2007 945 615 3327 722 2211 3328 2495 673
118 685 808 51 3315 3316 1932 67 2007
119 1537 3329 3096 1739 1076 3330 3331 3106 2268 1394 843 1392 2837 3332 3333 3334 3335 3336 1087 3337 3338 2284 3339 3340 3247 3341 3120 3342
120 3343 3344 2093 2696 3345 3346 674 2105 64 3347 1551 684 1558 3348 685 3349 1949 1935 2280 3350 813 3351 2460 1416
121 2189 497 2490 3352 3353 3354 3355 490 546 494 1133
122 664 590 67 66 674 610 580 1092 677 676 833 3060 1065 910 3200
123 842 1714 3356 3357 3358 3359 3360 3361 3362 3363 747 3364
124 2767 3365 3366 3367 3368 1342 1289 3369 1454 3370 1389 3371 2219
125 704 67 3048 793 715 652 2020 3372 1990 1158 3373 2385 1421 2029 2211 3374 3375 822 2004 3376 3377 3378 3379 3380 3381 3382 445
126 3054 1065 1066 3204 3334 657 2749 2727 580 3383 3384 1080 3385 3386 3387 3388 2748 3389 685 609 3390 3391 859 3392 3393 3394 1087 767 2729 655 3395 833 3396 1500 3174 3397 1342 3398 3399 3400 3401 3402 3403 3404 991 3405 3406 3407 3408 3409 3410 3411 666 3169 3412 3083 3413 3414 3277 3415 3416 3417 3418 3419 3420 3421 3422 3423 3424 3175 3425 3426 3427 3428 3429 3430 3431 3432 3433 3434
127 3435 3436 3437 3438 1101 1061 661 1090
128 910 3439 3440 3441 3442 3443 3444 3445 3446 3447 3448 3449 3450 3451 3452 3453
129 2020 54 1158 3454 1087 3455 934 2328 2211 3456 2134
130 3012 774 2477 771 3457 3010 3014 784 788 3458 3017
131 525 541 498 502 492 3459 1131 557 3460 521 495 3461 3462 3463 522 3464 505 3465 512 535 2190 796 3466 538 3467 527 3468 1125 550 3469 3470 3471 1127 540 506 3472 3473 3474 524 537 2189 3475 2725 2492 3476 3477 1136 3478 3479 2490 1122 531 3480 3481 3482 516 509 1130 799 504 3483 559 3484 3485 3486 3487 499 549 3488 802 3489 3490 501
132 620 648 1932 1019 652 2062 610 1990 3491 51 611 2058 2065 2044 3492 2050
133 68 649 615 617 3493 67 2382 3494 2559 3495 3496 2084 3497 2287 3498 3499
134 424 3500 11 29 144 327 3501 3502 3503 3504 88 3505 273 3506 3507 3508 3509 3510 14 3511 3512 3513 3514 3515 17 3516 5 3517 3518 2074 3519 3520 3521 96 3522 3523 396 3524 3525 3526 3527 408 92 3528 3529 332 3530 307 138 89 73 3531 3532 179 3533 123
135 3534 3352 504 512 3535 3490 3536 3537 3538 3539 3540 3541 3542 495 797 3543 3544 525 1132 3545 3546 2191 3547 517 3462 2190 3548 1129 500 3465 3549
136 2287 67 674 681 3048 3550 2016 2134 2166 1419 631 3551 2023 2046 1020 793 3212 672 2635 3374 652 662 610 1415 2039 1421 1145 2255
137 1157 2282 2211 2020 580 3552 1028 3058
138 2218 3553 3554 1682 658 3555 3556 3557 3558 3167 626 3170 3113 1071 3511 2766 3559 88 3560 3561 177 3562 3563 856 753 1107 3109 3564 3190 3096 676 942 1144 3192 3193 3565 2718 3566 3117 878 3567 2187 3162 3384 3094 3568 1964 3128 3569 3570 3386 3571 3039 3572 3573 3574
139 2596 2007 648 707 3575 3576 618 611
140 948 2263 2211 3374 3048 2494 1024 580
141 3577 51 3092 3578 703 3579 618 681 615 671 3580 1017 2287 3581 1145
142 3582 3583 3584 3585 3586 3587 3588 3589
143 1427 3571 3590 3591 3592 1831 3593 3269
144 2001 1998 947 681 2039 1020 580 2366
145 611 3594 3595 3596 3597 2221 68 845
146 2482 3598 772 3599 2488 2468 3600 3601
147 3602 651 685 3315 1014 1989 1986 672 610 612 1420 664 625 3603 3580 663 580 1419 619 2026 3604 1416 54 2154 1949
148 3605 1014 3606 67 51 833 3607 3608 1349
149 2596 3609 2587 3610 2020 589 3611 3612 3613 810 2084
150 1997 673 647 1145 2180 2131 2569 3603 1416 680 2609 2032
151 3221 1949 2286 610 828 3614 2023 3048 2045 67 793
152 632 3615 3616 3617 2908 3618 3619 3620 3621 2785
153 2595 66 1932 2663 1349 2560 3622 632 2776 2016 1933 3623 3624 692 67 3221 51 3625 2634 3626 1348 2046 2552 2239 812 3627 3628 2617
154 3629 1277 913 3563 3630 1394 3631 3165 3632 1315 656 3633 3634 3635 3636 2767 3335 3637 3638 3639 3053 3640 3641 2220 3642 833 3643 3644 3387 1392 739 3567 3195 3645 3646 3647 1537 873 3648 2390 3649 1080 3282 911 3262 3650 3651 3106 1521 3652 3653 3654 1818 3655 3656 3196 3657 3137 3658 3284 885 1342 3659 2731 3557 3660 3661 2426 3662 3663 3664 3665 3270 1280 3185 2387 1672 3666 3667 3105 3572 3191 1529 3109 3668 3104 3669 3670 3671 3672 2514 3673 3674 3675 1384 3590 3676 3677 3678 3339 1340 3679 1893 3680 3681 3682 3683 3684 3685 863 3686 3687 3688 3689 923 3153 3690 3691 3692 3693 2716 3694 3695 3696 3697 1365 1074 2766 3129 2518 2218 1373 3698 3699 3700 2284 3591 3701 1539 627 3702 2204 3703 3704 3705 3269 3706 3707 2516 3708 3709 1060
155 2263 2086 3710 3711 2138 3712 707 1017 3713 3714 2725 596 984 1936 3715 3716 624 629 2046 3717 3718 698 3719 1268 2026 3720 2286 3721 2223 3722 3723 3724 2678 2662 3725 3726 2061 3727 3728 3729 3730 3731 3732 3733
156 3734 1007 2186 1052 3735 3736 704 1360 1416 3737 3738 3739 3740 3741 3742 1981 826 610 625 54 51 663 609 2211 67 623 66 3743 629 3744 617 1949 1990 3745 3746 652 632 2068 3747 580 3748 618 2029 3749 3750 1950 3751 2023 2229
157 1277 3171 2220 3752 1038 3753 3689 767
158 2550 2616 2064 2815 629 3754 3755 3756 3757 3758 3759 3760 3761 3762
159 2086 2036 3763 2064 3764 1145 2698 3765
160 3016 774 3018 3766 3008 782 769 781 3767 3768 788 2463 3769 3017 2474 3770 3771 3772 3773 2464 3774 3020 681 1999 3236 3775 783 770
161 945 685 3085 3776 1065 3777 1012 610 2012 66 692 3778 3779 3219 1934 3780 3781 3782 3783 852 3164 665 3393 3784 3785 656 3181 1096 3786 3787 3788 3789 3790 3791 3792 1263 3793 866 1537 868 1716 2834 3654 1443 648 627 3794 3315 1500 1052 3795 3796 1159 2131 2166 3797 611 2085 1989 681 3287 663 65 3798 835 3799 2831 3800 3109 1067 3801 3802 763 3803 3563 2521 3804 1101 2755 3805 3194 3170 873 3103 1456 1714 3289 3200 3806 944 3807 3808 3809 3060 1035 3108 3810 1389 1377 642 3104 3384 3128 2718 3811 1061 3574 3812 2767 923 3097 3813 833 631 2758 3062 3814 3119 2762 678 3815 1002 1957 813 755 619 1027
162 618 1157 680 977 66 2553 3816 3817 3818 1200 968
163 674 3819 1982 2625 2552 3580 2180 3820 614 3821 3822 3823 3824
164 3825 713 2092 3826 1423 662 3755 3827 3828
165 2258 809 3829 672 671 3830 670 1021 3310 3605 2092 679 3831 3832 1982 3833 2136 3834 632 2783 3835 3836 3837 2250 3838 3839 3840 2685 3841 3842 2091 3612 3843 2782 3844 3845 3846 3847 2113 3848 2125
166 796 3849 494 2193 1124 507 3850 3851 538 1137 508 3852 3853 3352 516 3854 3855 3856 3857 3858 3859 3860 509 3861 3862 3863 798 3864 3865 3866 3867 3868 3869 3870 3871 3872 3873 3874
167 670 1145 3875 674 707 2900 3876 3877 3878 3879 3880 3881 614
168 785 1017 3882 694 3883 3884 2821 3885 3886 68 3597 3887 716 3888 2223
169 2595 2495 946 2098 2678 2698 3889 3890 2788 3891 698 3892
170 1525 2222 724 3893 2894 3894 629 3895 624 3896 3897
171 2092 685 684 680 3603 1159 3144 3898 3899
172 1932 652 54 867 2025 66 810 1933 3900 3901 619 2085 3902 2033 2011 2040 3903 3904 273 242 3905 3906 2006 633 1421 622 1986
173 3907 2398 1174 3908 702 3909 3910 3911 914 3434 833 3912 3913 2410 3914 3612 3915 3916 3075 618 3917 3918 3919 3920 3921 3922 3923 3924 3925 2231 3926 3927 3928 3929 3930
174 3603 3931 3932 3309 618 1999 3328 58
175 2382 54 1932 3933 3602 1352 674 793
176 3934 3935 1124 499 518 549 506 530
177 1999 618 968 3936 560 3937 2198 3938
178 3939 631 1949 1950 1934 2179 1933 685 1293 664 3940 3316
179 60 2092 691 3941 1024 3287 1989 2561 2010 674 702 649 2258 822 2224 2696 3310 2564 2141 3942 2591 1014 2495 3943 3076 673 3778 2493 2087 809 3944 1950 1159 710 610 3945 3613 2589 3946 640 2549 3947 3948 3949 590 3950 3951 2144 3952 2583 2264 3953 589 3907 3954 3955 707 3956 1945 3957 3958 3219 3959 3347 714 3960 2255 2089 3961 2595 3327 3597 2550 3962 3235 2168 2547 1997 3932 823 2014 718 813 3963 3964 2166 3965 1177 3966 3967 1551 2663 2179 3968 3969 1423 2573 2568 2093 3345
180 835 1140 2187 2325 3970 3971 3972 3973
181 3974 2765 3111 3113 3975 3976 661 1009 3697 3783 880 3977 1179 3978 658 3363 1101 2284 3979 3260 741 1090 627 3980 868 3981 3708 1108 3982 1334 2834 3983 3984 1080 3985 2730 1681 3788 3986 1065 660 3987 3988 3201 3989 656 842 1074 573 2426 3990 2218 3158 937 921 1060 3991 3992 3993 1908 1106 3994 3995 2387 3996 1066 3997 1243 3998 3103 3039 3999 936 4000 4001 4002 4003 4004 4005 4006 1069 4007 1739 1513 4008 3393 2273 4009 4010 4011 1061 1716 4012 4013 3088 4014 4015 1084 4016 1474 4017 3044 4018 3680 1963 938 3789 4019 4020 4021 857 4022 4023 2186 3096 3435 4024 4025 3666 3116 3294 3785 3195 2731 890 3304 3335 2831 4026 3109 4027 1529 2768 1070 4028 4029 4030 4031 1427 3700 2718 3050 667 4032 4033 4034 876 3752 2434 759 739 4035 2217 4036 4037 1040 1058 3792 4038 2445 4039 4040 1370 4041 4042 4043 3192 666 4044 4045 1718 1273 4046 4047 4048 1342 1534 1537 4049 4050 4051 4052 4053 3084 3782 4054 4055 3362 3341 4056 2421 3337 4057 3165 4058 677 626 1522 1028 1353 4059 4060 4061 4062 1511 642 2267 1402 3115 4063 3394 3734 4064 1403 888 4065 906 4066 4067 4068 4069 4070 4071 4072 4073 4074 4075 4076 4077 1078 1092 4078 4079 4080 3392 4081 867 4082 4083 3253 1166 4084 3152 843 3339 1141 1097 2324 1048 1107 4085 1025 3090 1063 1053 858 1433 4086 1041 3261 3180 4087 2220 2716 4088 4089 4090 4091
182 3120 3260 1009 4092 4093 1392 3783 4094 678 3566 4095 1066 1529 922 656 861 3153 2731 992 2216 996 3113 1046 3250 868 1061 878 3039 3103 994 4096 2829 627 2514 4001 3994 3387 3334 1071 4097 3782 749 2513 1065 4098 1057 3094 3158 837 4099 3178 3983 3992 3995 3109 2268 843 4100 1144 3339 4014 3247 4012 4101 1052 4102 2420 4015 3991 2765 1289 842 2273 3573 1084 4004 4008 901 4103 2434 2389 3150 3096 2834 1108 1027 1284 1099 3660 1394 2766 4104 4105 937 876 3124 3265 676 2424 4106 3195 862 3977 1342 1901 4005 3050 833 3052 4107 2718 658 4108 4109 4110 865 3557 3168 4111 1026 1036 595 4035 3105 3664 4112 3268 4047 4062 894 2831 3655 3404
183 4113 88 144 14 138 73 3521 4114 3500 3531 132 4115 287 4116 3506 96 4117 4118 4119 4120
184 4121 4086 2446 4122 752 3206 4123 4124 1167 4125 1521 4126 4127 1764 4128 4129
185 1046 591 3411 4130 4131 751 3204 3084 3409 1002 4132 4133
186 4134 2612 4135 4136 2651 4137 4138 3712 4139 4140 4141 2585 2086 4142 3615 3063 4143
187 2747 1427 894 1036 843 1392 1250 3102 874 1394 2841 3109 1284 1099 1384 892 2434 4144 3583 4058 1154 3241 1094 4145 860 2527 4146 627 3789 3393 1101 3113 1679 3208 767 873 4015 857 2730 4062 3133 4147 898 3121 1522 4148 3179 855 3112 4149 2366 1535 4008 3665 1849 4150 4151 1370 2425 4152 3392 2273 3238 2519 4112 1350 2430 1534 1519 2424 1026 1156 2217 4091 4153 4110 1539 4154 4155 656 1464 4156 862 2269 4157 2831 4158 3334 4159 2274 1525 4160 2420 4161 3573 4162 3115 4163 4164 3061 900 4165 3105 3341 4166 2284 1028 1398 4167 2268 911 910 2755 4168 2282 1419 4169 4170 1430 3157 3134 4171 3104 3129 4072 3292 841 591 4172 1513 3136 4173 4043 4174 1277 1458 3697 2272 2271 766 4175 4176 4177
188 1243 3124 624 4178 4179 831 4180 2154 2092 3287
189 2202 4181 3666 3663 1948 4182 648 3001 2065
190 4183 2105 4184 2227 2559 4185 3941 4186 4187 2235 707 4188 2651
191 2718 4189 4190 1075 4191 4192 4193 4194
192 3012 771 775 2463 779 772 788 2484
193 793 674 1145 4195 612 1015 2495 589 685 2230 672 51 4196 2045 66 1950 2199 2154 632 629 824 2054 2085 1419 3821 614 622 1404 4197 1096 3080 1646 3815 643 833 3719
194 631 1014 4198 4199 3035 4200 562 2505 4201 987 4202 4203 4204 4205 2396 4206 4207 1932 4208 4209 4210 4211 4212 4213 4214 4215 4216 984 4217 4218 4219 1939 4220 4221 4222
195 1018 1158 611 648 1935 2039 811 4223 621
196 2495 3603 1024 4224 3968 4225 2197 3581 611 2023 3826 2093
197 1525 3221 1950 833 4226 4227 613 1020 793 1360 632 4228 2588 3610 67 2494
198 693 2696 2623 2382 2258 3211 4229 4230 2216 4231
199 4232 2002 810 4233 674 64 631 4234 2766 677 3109 4195
200 2086 631 790 1421 793 2036 707 3612 1991 629
201 4235 2196 1145 692 1990 4009 670 3890 4236 4237 4238 3836 3310
202 507 3464 1127 795 492 503 2068 1981
203 4239 179 292 4240 382 3524 4241 3521 3503 4242 4243 327 3500 4244 3511 4245 4246 94 4247 4248 4249 4250 14 4251 3 2083 440 159 126 4252 439 3517 4253 133 4254 4255 4256 4257 4258 4259 4260 4261 4262 209 4263 177 4264 3516 144 4265 4266 4267 4268 136 4269 3514 4270 4271 4272 4273 432 4274 4275 4276 2074 4277 4278 215 4279 3508 4280 25 3523 285 4281 4282 4283 424 4284 129 4285 4286 4113 4287 4288 4289 142 4290 4291 4118 4292 4293 4294 4295 75 3532 4296 4297 4298 4299 267 3515 4300 4301 4302 4303 4304 4305 4306 4307 408 11 4308 4309 4310 239 4311 4312 356 4313 188 4314 4315 4316 4317 3513 4318 156 271 4319 4320 201 4321 472 4322 4323 4324 4325 4326 465 4327 4328 4329 4330 398 4331 302 4332
204 4333 1937 3310 1145 2014 4334 3063 599 598 603 4335 1936 1988 1159 3287 3594 55 2282 2583 4336 3731 4337
205 524 530 512 2158 497 511 4338 546 3478 3474 2491 499 802 4339 4340 3934 4341 1131 1129 1122 3353 800
206 672 588 580 3349 681 1020 809 627 1525 666 1537 2831
207 3967 1934 1014 51 3960 2282 692 2382
208 1024 2495 1421 54 2560 3581 609 611 4342 3603 1145 822
209 4343 4344 4345 2093 3889 2778 2139 4346 4347 4348 4349 4350 614 3848 2643 4351 4352 718 4353 2660 640 4187 2110 2399 2068 2819 4354 2805 4355 4356 2057 713 624 2092 4357 4358 3310 3964 4359 4360 3890 4361 2137 2123 4362 4363 4364 4365 2394 2263 2405 4366 4367 4368 4369 2113 4370 4371 4372 4373 4374 4375 2117 4376 4377
210 2220 3109 994 1102 934 3041 655 3176 3188 1101 4378 4379 3981 4380 3392 3393 4381 3796 2434 4382 4056 3385 660 4383 595 4384 4385 3179 1082 1264 648 51 3327 649 610 3287 3743
211 3201 4386 4387 3258 3776 676 3043 868 3339 1274 1588 4388 4389 4390 4391 4392 2769 1002 4393 4394 4029 4395 4396 4397 1049 1107 4398 4399 3362 910 4400 4401 4402 4403 4404 1389 4405 2284 3039 4406 4407 4408 2731 4409 4410 3170 4411 4047 4412 4413 1590 1387 3140 1977 3044 3800 4414 4415 3977 841 845 2187 2325 4416
212 2085 68 51 2084 3932 790 609 3961 3580 3960 1949 679 3092 588 1360 809 3952 1017 631 652 618 793 3581 1948 45 4417 4418 3287 2211 4419 4420 1988 4421 4422 2250 4423 2020 617 2286 4424
213 2560 1950 642 4425 1140 614 2151 4426 4427 1416
214 4428 4429 3146 809 2569 2662 2555 2549 2781 2264 2089 2589
215 4430 3567 1276 3079 916 4431 4124 1505 4432 1253 4433 1950 1538 2739 4434 2753 4435 3583 3782 4436 3566 1350 1251 4437 1513 2434 4438 4439 4039 1270 3415 4440 4441 4408 4442 1280 1277 4443 3339 3674 4444 4445 4446 3080 4447 1384 4448 1340 591 4449 4450 2216 3553 4451 3261 2523 2762 4452 3205 4453 1771 4454 4455 4456 4457 4458 897 4459 1083 3272 4460 1523 1088 4461 867 4462 1427 751 4463 1033 4464 4465 4466 4467 1964 4379 2759 4468 4469 4470 3082 4471 1246 2840 4472 2330
216 631 1932 611 3747 618 1949 4473 793 1360 3374 684 685 4474 2282 664 4475 4476 4477 2230 54 2016 67 692 2046 2494 674 2032 3603
217 1016 3581 4478 4479 2255 3951 3576 3219 611 4480 1145 4481 3227 2211 4482 2104 1268 4483
218 2366 2651 4484 2686 2255 2561 2603 3890 645 2774 2773 4485 3819 4486 2780 4487 2391 4488 4489 4490 4423 2398 3075 2087 4491 702 2676 4492
219 1024 1934 4493 4494 4495 3940 680 4496 4497 1474 4498 4499
220 3747 4500 3248 2008 3932 4501 3269 3165 4502 4503 1049 4504 609 4505 2223 2766 741 2326 4506 1681 1144 4507 4508 2049 3075 703 3743 2144 618 3810 4509 4510 1171 1791 4458 1483 4158 1494 1927 4511 3043 1672 4512 4513 4514 4515 4516 4517 4518 4519 4520 4521 2220 4522 4523 1027 4524 4525 4526 4527 4528 4529 4530 4531 4532 4533 4534 4535 4536 4537 1548 4538 4539 4540 4541 1332 4542 4543 4383 4544 4545 4546 4547 4548 4549 4550 2718 4551 4552 4553 4554 4555 4556 1035 4557 4558 2187 4559 4560 4561 4562 2741 4563 4564 4565 1497 1592 1649 4566 4567 3169 4568 4569 4147 4570 4002 4571 4572 4573 4574 4575 4576 4577 4578 4579 1140 4379 4580 4581 1930 4582 1394 4583 4584 3256 1474 4585 4586 4587 4588 4589 4590 4591 4592 2837 4593 4594 4595 4596 4597 4598 4599 4600 4601 4602 4603 4604 4605 4606 1529 4607 4608 4609 4610 2215 4611 4612 4613 4614 4615 4616 4617 4618 4619 4620 3364 4621 843 4622 4623 4624 4625 4626 4627 4628 4629 4630 4631 4632 4633 4634 4635 4636 1032 2218 4637 4638 4639 4640 4641 4642 3273 4643 4644 3114 4645 4646 4647 4648 4649 3418 4650 4651 4652 4653 4654 3813 3429 4655 910 4656 2763
221 4657 2264 3288 4658 2258 3966 4659 4660 1159 4661 4662 4663 4664 4665 652 4420 2014 2084 4666 2583 4667
222 4202 4668 4669 987 4670 4671 4672 606 607 4673 599 4674 4675 4676 4677 4678 4679 4680 4681
223 3335 1394 3553 3124 2716 4682 2764 4683 926 4109 4684 2214 4685 595 3983 4686 4042 4687 3154 1055 751 4035 3697 591 4688 911 4689 940 3630 1427 4029 3053 2284 4690
224 4691 4692 2731 4693 4694 4695 4696 4697 4698 4699 3158 4700 4701 4702 4703 4704 4705 3406 4379 4706 840 4707 3282 4708 4709 4710
225 945 4711 2494 681 648 580 3315 2028 1934 1932 4712 2629 679 3744 680 2496 632 4713 4714 4715
226 1293 2229 2111 2026 2223 641 4716 618 2037 621 674
227 3489 4717 494 532 4718 4719 4720 512
228 672 1983 674 66 54 680 684 3351 4721 4722 1976 3163 1049 4723 1496 1040 4724 833 1500 1892 2233 811 2211 652 4725
229 4726 3594 4727 2377 4728 571 632 4729 664
230 793 4730 812 2134 681 614 2045 1935 1145 674 2229 1419 1991 2058 1932 2061 2678 2275
231 54 580 684 51 663 680 2211 67 1145 2056 2020 4731 611
232 822 648 610 631 66 672 1950 2065
233 4732 658 2440 4733 4734 1070 3249 1003 741 833 3260 4735 4736 3158 4737 4738 4739 4740 4741 4742 4743 4744 4745 4746 4747 4748 4749 4750
234 648 4751 672 704 3316 1949 2247 2658 694 4752 1019 610 632 2363 4753 3496 4754 621 3319 4755 679 685 824 4756 4757 4758 618 2286 4759 631 66 2084 4760 3211
235 1595 4110 1373 3996 2831 1959 2425 4761 656 894 2518 4762 1522 2765 2841 2325 3187 4003 2740 626 677 4763 4058 2731 3096 4764 4765 1539 4381 1144 1179 4101 1107 3582 3656 595 4108 1537 1863 3262 3591 3165 4766 2514 2744 3705 2268 3805 3238 1362 1517 3041 1063 1046 3130 2755 2752 3170 4767 1964 4768 1427 3126 1430 1142 1064 3782 3553 3061 4769 3268 4144 3084 1154 4770 835 1488 1791 4771 4772 3127 4773 4774 4775 3297 2434 1289 876 2327 906 3796 4776 868 3094 1529 4006 1521 4777 4778 4779 1368 4091 4780 3393 3789 4781 3112 3241 4782 2747 4783 4784 3103 3124 1067 1094 861 2758 4785 3334 1030 3814 3655 4786 1088 4787 4788 837 4789 4790 3194 860 4791 3058 1070 4792 4793 4794 4145 4795 4796 2326 3109 4797 2716 655 4798 4799 1350 1036 3683 3167
236 1107 2004 4800 4801 4802 4803 2186 4804 3791 4805 676 3109 942 4014 1964 1342 1449 3781 738 2070 2033 1320 1965 636
237 66 3351 54 2600 631 1987 62 60 673 2032 611 1360 1419 2154 4504 632 1535 4806 4807 1949 2281 2061 684 3146 4731 623 3933 4808 4809 680 4810 4811 1420 4812 4813 1560 621 652 4814 2255
238 4659 4815 708 2635 3349 4816 4817 3848 4818 4819 716 4820 4821 4822 4823 4824
239 2552 4825 1145 51 3603 1175 792 625 1950 611 674 2070 2026 722 4725 4826 662 1419 4827 4828
240 2566 2585 2633 702 4829 4830 3968 631 2706 4831 811
241 828 1065 3683 2020 3550 610 692 3613 672 648 3945 4832
242 2603 2548 707 4232 947 1950 1982 2151
243 2583 674 681 685 1014 2168 2596 2010 2177 2018 52 4833 1015
244 4834 4835 4836 4837 4838 4508 2087 4839 4840 1952 4841 716 4842 4843 2105 4844 4845 2148 4846 4847 4848 2246 632 4849 2363 4850 4851 4852 4853 4854 4855 4856 1418 4857 618 4858 4859 2672 2113 4860 4861 2209 623 822 4862 1021 4863 3762 1419 2223 4864 4865 4866 4867 4868 2781 1950 625 4869 4870 4871 4872 2096 4873 4874 2669 2658 4875 4876 4877 4878 2649 4879 4880 2014 4881 4882 4135 4883 2147 4884 4885 4886 1421 4887 4888 4889 2563 4890 4891 1551 645 4892 4893 680 3717 4894 4895 4896 2624 2232 4897 2399 4898 4899 2282 4900 3109 844 4901 4502 4902 2670 4903 4904 4905 2092 4906 2236 2127 4907 2666 4908 2227 4909 4910 4911 4912 4913 4914 4915 4916 2121 4917 4918 4919 4920 4921 4922 4923 4924 4925 4926 4927 4928 4929 4930 3825 4931 4932 2226 2251 4933 4934 2551 4358 4935 4936 4937 4938 4939 4940 4941 4942 2625 4943 4944 4945 4946 4947 4948 4949 4950 3325 681 4951 4952 4953 4954 722 3092 4955 4956 2773 4957 2698 4958 4959 2250 4960 4961 4962 2400 4963 4964 4965 4344 4966 4967 4968 4969 4970 4971 4972 4973 4974 3148 4975 4976 621 4977 4978 793 3067 1360 4810 1932 67 4979 4980 3714 4981 2125 2566 4982 4983 4984 4985 1112 4986 4987 1174 4988 4475 4989 4990 4991 615 2031 4992 4993 4994 4995 4996 1998 2275 4997 4998 4999 5000 5001 3738 5002 5003 3218 3216 2224 5004 2048 610 5005 2118 2123 5006 5007 2234 5008 1019 5009 5010 3551 5011 609 1017 5012 4357 3496 3958 5013 45 4189 5014 5015 3901 5016 5017 2287 5018 2071 5019 4825 2221 5020 2264 2205 5021 5022 2128 5023 5024 5025 5026 1600 5027 3211 5028 5029 3310 5030 5031 3576 2030 5032 2710 5033 2553 1288 5034 5035 5036 4809 5037 5038 4373 5039 5040 5041 5042 2050 5043 692 3737 2286 3221 5044 5045 5046 2766 3748 5047 5048 2324 3977 5049 5050 4004 5051 1977 5052 4801 5053 5054 676 5055 5056 3385 5057 5058 3646 5059 5060 2186 5061 5062 4005 5063 5064 5065 842 3811 2327 5066 5067 5068 5069 5070 1957 3356 5071 3796 5072 4803 718 5073 5074 5075 5076 1333 5077 3052 5078 5079 5080 5081 3996 3654 1060 5082 5083 5084 1302 1069 5085 5086 1158 1901 1681 5087 1334 1758 5088 3718 4025 1375 5089 5090 5091 5092 5093 5094 5095 624 1271 5096 3743 1115 5097 5098 5099 5100 631 3622 2070 5101 5102 5103 1646 5104 5105 5106 5107 3363 5108 5109 5110 5111 5112 5113 5114 2577 5115 5116 5117 3045 5118 5119 5120 656 5121 4003 5122 5123 3248 655 4725 5124 2058 5125 1981 5126 5127 5128 5129 5130 5131 5132 5133 5134 5135 5136 644 824 5137 5138 5139 4026 1822 5140 3268 5141 5142 5143 1855 3990 5144 5145 5146 2181 659 5147 3390 1412 5148 5149 5150 3998 5151 5152 5153 5154 2213 4560 5155 5156 3785 5157 5158 2217 3887 5159 5160 5161 863 5162 4777 5163 5164 643 1267 1550 5165 5166 5167 5168 1028 5169 5170 738 5171 5172 5173 5174 627 2840 2525 1459 3166 5175 5176 677 5177 5178 5179 1965 5180 5181 5182 5183 5184 5185 5186 3812 5187 2326 5188 3571 3404 5189 5190 4509 658 3371 5191 2204 1086 5192 5193 4197 5194 3386 5195 3436 1714 4472 666 5196 905 5197 1949 5198 5199 5200 5201 5202 4800 4764 5203 5204 5205 5206 5207 3712 5208 4760 5209 5210 2678 5211 5212 5213 2026 5214 3219 5215 1389 5216 3158 3292 4060 5217 5218 5219 5220 893 5221 5222 2393 5223 5224 5225 5226 5227 4097 3358 5228 1090 5229 5230 5231 1105 1539 3659 5232 5233 5234 5235 1091 5236 5237 5238 5239 5240 5241 5242 3979 5243 5244 939 3974 5245 5246 5247 5248 4081 5249 3788 5250 5251 1077 4028
245 944 2325 5252 1070 3595 1500 4056 5139
246 3573 2716 3171 5253 5254 3261 3269 3195 1036 4054 5255 910 3986 5256 5257 914 5258 4630
247 843 1063 1101 3333 894 655 1672 3201 4147 5259 5260 666 3784 3202 3683 3130 887 5261 4434 2716 3058 3194 2760 5262 4458 1027 1041 999 918 5263 3261 3158 910 921 5264 3142 5265 751 5266 5267
248 661 833 704 685 843 1092 3058 642 4104 3283 5268
249 3322 2669 2038 3321 4401 2768 4504 2239 1950 2010 1997 945 1419
250 1984 4184 5269 2775 5192 702 5270 5271 5272 5273 5274 5275 5276 5277 5278 5279 5280 5281 5282
251 65 66 1293 5283 4233 1023 2567 2168 632 5284 793 945 588
252 658 4507 661 1094 1672 2168 810 3931 649
253 5285 4183 4861 1423 5008 2660 1418 2698 4731 4914 2152 5286 2124 5287 3597 2663 5288 5289 5290 5291 5292 5293 5294 5295 5296 5297
254 5298 3108 911 1140 3104 1036 2730 1250 666 5299 5300 5301
255 935 5302 5303 5304 2841 5305 1052 5306 1059 1011 5307 5308 5309 2493 5310 5311 5312 1958 5313 5314 5315 2445 5316 5317 3751
256 5318 2482 3010 5319 773 5320 5321 3768 5322 5323 769 3012 2478 2480 2484 5324 3033 5325 2489 3025 784 2455 5326 5327 3029 5328
257 3171 1283 1031 751 3314 5329 2573 5330 2595 5331 992 2421 2731 642 2560 2092 5332 2658 5333 5334 645 5335 4356 5336 5337 5338 1423 5339 3830 3847 4862 3835 5340 2656
258 512 2491 1127 67 66 536 500 3478 5341 5342 3483 3490 504 803 525 3465 3475 498 556 502 801 3462 5343 535
259 2036 2020 620 652 623 2049 5344 2052
260 562 2131 2198 793 2287 681 674 680
261 961 1191 5345 1201 5346 2375 971 5347
262 2625 5348 2007 3211 2202 2382 948 809 2151
263 5349 5063 3566 3436 4146 4104 562 3384 5350 738 5151 877
264 685 813 632 5351 5352 4420 5353 2084 2092 2213 2495 4755 5354 5355 5356 5357 5358 831 3731 5359 5360 5361 5362 5363 817 5364 1019 2253 5365 4480 4814 2678 5366 2223 5367 5368 5369 3580 5370 5371
265 67 685 674 3146 681 2585 612 2634 611 2144 1419 826 5372 3739 2061 5373
266 2223 2137 65 5374 2089 3750 5058 694 2638 3575 3454 5375 61 5376 5377 3072 4883 5378 5379 1174 5380 5381 3219 5206 4971 5382 5383
267 1021 5384 5385 3227 5386 3581 2546 5387 5388 632 5389 5390 5391 5392
268 1250 1491 843 1036 767 4439 999 3200 4039 5393 5394 1377 1387 3256 5395 5396 5397 5265 835 766 3796
269 512 2261 490 3862 5398 5399 505 5400 3546 2260 5401 492 3476 5402 5403
270 626 1105 1179 5404 5405 5406 5407 5408 5409
271 5410 1277 632 2723 5411 5412 5413 1243 5414 5415 5416 5417 5418 5419 5420
272 5421 5422 3302 3155 3292 3662 5071 833 5423 5424 3164 1883 5122 3805 580 3622
273 297 463 5425 3001 5426 5427 5428 733 5429 5430 5431 5432 5433 5434 5435 5436 5437 5438 5439 5440 5441 5442 5443 5444 2861 5445 5446 5355 5447 2291 5448 5449 5450 5451 5452 5453
274 2493 1948 2058 2022 3714 2007 631 5454 5455
275 937 2389 2548 45 680 2028 5456 1019 3611 2327
276 4067 1153 5457 5458 3127 5459 5460 2442 5461 1291 5462 5463 5464 2443 5465 5466 1708 4031 5467 768 1491 5468 5469 5470 1764 5471 5472 5473 5474 5475 5476 1777 5477
277 3315 4875 610 623 5478 5479 1426 5480 5481 658 5482 5483 5113 5484
278 3603 3740 3611 4841 4825 1990 5209 3951 2151 5485
279 5486 1984 3580 685 2278 2634 833 4231 1279 5487 5488 870 1679 1659 5489 1663 1464 5490 3202 1049 2423 1980 3625 2560 5491 2421 2271 1394 5492 5493 707 68 5494 5495 1630 5496 2366 5497 5498 1250 5499 5500 5501 5502 5503 1395 1257 4439 3273 4446 1430 3999 1247 1448 5504 4795 1144 5505 1243 1379 1259 5506 1272 5507 860 1760 5508 1443 1446 5509 5510 1588 3159 1519 5511 1255 5512 5513 1096 5514 5515 5516 1153 5517 5518 865 5519 5520 5521 5522 5523 1584 5524 1997 3127 2071 945 5525 1678 1359
280 2179 2391 5526 5527 5528 2151 5529 1013 5530 2812 5205 3754 5531 5532 2658 5533 3712 5534 5386 5535 5536 4940 2662 2652 5537 707 5538 3723
281 3979 843 942 2242 3871 5539 5540 494 5541 522 5542 5543 5544 5545 5546 5547 1132 508 2158 3474 5548 3858 5549 5550 2491 5551 5552 3788 1334 3801 2220
282 580 3236 2186 911 3663 3085 810 1932 1158 945 4834 3604 4430 863 677 273 5553 5554 3951 2255 3710 3969 2020 1952 2058 833 3050 5555 643 942 2018 812 2039 3080 1957 1950 2054 611 629 3244 67 2154 5556 811
283 3653 5557 1679 3120 5558 835 5559 5560 1350 3059 1760 5561 4159 880 3685 1664 5562 3163 2271 4075 919 4458 1046 3159 5563 921 4784
284 1105 631 612 681 674 823 5372 2054 632 824 621 2043 2045 2151 2154 624 4755 2620 610 1950 5564 1560 698
285 2319 2318 5565 2509 5566 5567 5568 5569 5570 5571 2510
286 5572 5573 5574 2551 5575 3882 3737 5576
287 1284 767 5577 923 3179 5578 3108 5579 860 2329 862 5580 4015 2424 855 894 1373 1350 740
288 4110 870 5581 3970 1327 1029 5561 5582 5583 5584 5585 5586 1390 1315 5587 3241
289 3008 782 5588 5589 5318 2482 2467 5590 3013 5591 2475 5592 2455 5593
290 991 5594 4554 5595 5596 5597 1006 5598 1701 5599
291 4872 3964 2114 5600 5601 4184 4961 2120 5602 2557 4487 2404 2104 2036 5603 3941 5604 5605 5606 2285 5607 1553 5608 5609
292 1350 1512 1003 1379 1477 3108 4699 1256 767 3041 3165
293 1934 793 1984 3227 5610 5611 5612 5613 5614 2493 2151 1990 2045 1416 2864 623
294 2020 3741 5615 2042 3313 5616 3076 5617 1360
295 3094 5618 5619 3279 5113 5052 5620 5621 3273 5135 924 5622 1462 5623 5624 1052
296 3031 3600 3020 3017 5324 5625 5626 5322 5627 2478 5628 3032 5629 3022 5630 2489
297 4340 3546 2193 559 3934 5631 530 498 5632 542 501 2537 3463 496 1123 5633 5634
298 1054 1015 1014 685 2583 810 2550 619 812 2058
299 3248 1574 3123 1512 898 3053 2766 2731 3655 5635 1280 3155 3571 863 1070 5521 894 2752 3332 3988 843 1791 1534 2329 4156 5507 5636 5637 3268 5638 3113 1092 1027 1036 3165 3691 5639 2218 2220 1433 5640 3263 2835 3119 3360 3149 3202 5268 3250 1500
300 1175 810 45 692 2275 663 632 1948 1949 2553 273 3521 259 5641 4291 4306 5642 29 2083 5643 5644 5645 2499 5646
301 810 1360 2020 1932 793 652 2032 580 3048 609 5647 3581 2211 663 65 622 3325 5648 5335 811 812 5649 1112
302 674 611 3048 54 1013 3287 548 489
303 3216 3932 64 2223 617 5650 3147 1017
304 3133 4109 5651 2716 4511 3171 3129 5652 916 591 5653 846 4683 2216 5654 5655 4682 5656 5657 4462 5658 5659 3256 4080 1046 843 3262 5660 5661 5662 5663 1342 4797 937 3060 3269 3168 3783 2755 1739 1089 3162 5664 3991 910 1425 644 3193 5665 3784 3205 4006 1392 3993 5666 5667 5668 2717 4047 5669 627 5670 5671 5672 3335 3303 1826 3806 3390 3248 5673 5674 3159 5675 1027 911 4069 5676 5677 5678 4500 5679 3263 1034 1038 5680 3155 1076 747 1096 3157 1166 3285 5681 1068 628 3260 5682 1042 4777 667 3699 1521 5683 4102 5684 1150 882 1071 3270 3151 3192 1916 3116 5685 1394 893 5686 833 3079 1338 1427 1773 5687 5688 5689 1396 5690 5691 2009 3050 751 5563 4035 904 3258 5692 1050 4173 642 2388 3636 1456 5693 3136 3267 5694 3273 3153 5695 5696 3053 5697 3298 5698 5699 1961 3126 4433 5700 661 1039 4464 3300 920 5701 3083 5702 2715 5411 877 677 863 3282 5703
305 5704 1406 3578 1265 1393 5705 2424 835 2448 1470 5583 5706 5707 5708 58 4748 5709 1923 5710 5711 5712 5713 5714 2271 5715 1792 5716 1251 5109 1563 5717 644 1902 5718 5719 5191 5720 5721
306 5722 5723 5724 5725 2571 5726 5275 5269 5727 5728 5729 5730 3224 2551 5573 5034 5731 3966 716 646 3841 5732 2550 2549 5733 5734 5735 5058 813 4229 5736 615 3712 4883 5205
307 810 1145 792 2259 625 1998 5737 2231 633 2111 5738
308 4468 3629 5739 2716 5694 5740 1000 3142 5618 1961 5741 910 861 1679 5742 595 3133 1377 1036 3566 926 5743 5744 5695 5745 2718 1373 3114 3131 3123 5746 4612 901 3055 2841 5579 1033 1630 887 835 1038 3136 642 1277 843 1966 917 1243 5300 1027 3554 5747 3171 5748 4157 4172 5749 4430 1376 5750 3294 741 894 3165 1863 1477 857 767 1255 5751 3130 3104 1375 911 3183 3053 5651 3101 4794 862 5752 4009 5753 4039 2327 3567 2715 591 2216 5754 2215 3697 5755 5756 1063 920 2731 3261 5260 925
309 5757 509 521 516 3478 1131 5399 5758 801 3546 3547 5545
310 1011 2555 703 617 68 5759 2276 652 67 2168 2553 66 632 1012 3048 5760 690 2632 2092 4429 5761 2084 3146 684
311 5762 5763 685 822 67 5764 5765 5766
312 2131 619 2611 1147 611 2022 2663 3548 2089 2180 589 5767 3738 2957 5768 624 5769 2068 914 2070 5530 5770 5771
313 2179 645 5772 2094 2549 5773 588 620 5774 5775 2382 2110 5776 5777 631 681 610 3613 5778 3578 5779 2255 713 5780 653 1012 2546 5781 3219 5782 2086 5783 3063 2056 5784 5785 702 2258 708 664 2596 2551 2178 5786 5787 2197 4849 693 2584 614 1015 2211 1950 5788 5789 813 5790 5736 670 1157 2006 3287 1989 5791 618 652 2016 5792
314 2286 3740 810 679 2352 1159 5793 5794 3604 5795 580 2168 5004 2495 1175 707 5796 1174 5797 4725 5798 623 5799 3748 2073 4232 3933 5800 1992 5801 3750 2039 5802 5803 2555 1424 666 5223 629 5804 5805 5806 5807 5808 2068 5650 3579 2061 1981 5809 2154
315 894 1481 5810 835 5811 5812 2830 1028 2753 5397 5813 4035 5814 5815 5816
316 504 497 4340 5817 4341 2261 546 620
317 3808 5818 5819 5460 5820 1062 5821 5822 897
318 3741 3287 1145 5632 2532 3849 5823 5824 1130 5825 3476 5826 580 2494 2020 2197 5827 5828 273
319 696 4228 3955 4997 5829 3610 4944 1945 4945 4872 3952 3965 2093 4188 5830 2707 5831 5832 5833 2591 5834 5835 5836 2612 5837 5838 2557 2092 5275 5839 5780 5840 2566 1423 5841 5332 2626 5842 5843 5844 2572 5600 2570 2255 707 2168 5845 3941 4829 5846 2137 2410 5847 3310 2391 2404 4861 5848 2394 2678 5849 5850 3889 5851
320 1063 2831 3121 3170 926 1453 4106 5746 5852 595 1143 1463
321 1038 642 3094 2718 5853 5818 5854 755 5855 4068 2445 5856 1958 5302 1394 5857 5858 5859 4797 897 4111 1251 5820 1672 5303 4150 5860 5861 1871 3648
322 3546 527 3540 497 549 1128 5862 5863 4740 5864 5546 5865
323 54 632 681 2259 1983 66 1932 631
324 5866 5867 5868 1046 2284 5869 1028 5742 5745 5870 5871 2715 3155 5872 5873 5874 5875 5876 5877 4686
325 580 625 664 2211 685 3213 617 54 5878 2286 2282 2710
326 2166 1145 66 5879 674 631 3316 1933
327 685 5880 1998 648 2001 674 664 680 5189 5838 793 3740 5881 3603 4350 2560 692 5882 5883 663 2229 611 1013 1986 2040 2035 1988 2063 2275 681 3315 625 2045 1997 2213 2085 812 620 65 1419 1416 2026 672 647 2070 5372 3739 5884 2066 2050 623 5885 5886 5887 632 629
328 5888 5889 5890 5891 5892 4740 5893 5894 1128 5895 2194 5896
329 1019 671 809 64 673 2023 1416 2275
330 5782 5783 5897 5898 2233 4946 5899 5900 5901 2625 5902 5154 5903 5904 5905 5906
331 5907 436 3500 439 78 3532 144 3525 4277 5908 0 5909 3513 5910 2076 5911 5912 381 5913 215 126 408
332 2009 1065 642 4787 5112 5108 5914 5156 5915 3781 5916 5917 5918 813 5919 833 632
333 5920 968 5921 5922 3712 3952 3610 1988 3612 2404 4418
334 5923 1185 1182 1181 567 5924 1207 5925 968 977 5926 5927 1224 566 1240
335 67 54 674 651 625 3315 672 5372 2045 2356 1419 5928 664 792 66 5929 824
336 1985 580 685 2211 3580 3933 4753 2093 2600 5930 3309 662 3179
337 615 58 3941 3612 4423 5803 2363 5931 1984 5485 2587 2058 2016 5932 5882 5933 663 51 2211 619 5934 2287 5802
338 51 663 3743 609 674 664 3049 1349 3939 589 648
339 66 674 685 612 1012 2085 813 2092
340 674 5935 619 722 1349 1951 791 2391 1545 3146 2085 2495 2553 1288 4136 2710 2643 615
341 496 4340 1124 5936 5937 1150 869 4106 5701 2074 5938 3781 5939 23 197 5940 3040 5941 499 643 5942 3080 5943 5125 5944 622 2197 5945 5946 619 2058 3718 2021 2033 5947 5948 5949 5950 5951 5952 5953
342 5954 5955 980 5956 4498 5957 5958 5959 5960 5961 5962 2377
343 2481 2455 3774 3008 3032 773 5963 2474 5630 5964 3023 2477 3010 5327 5965 5966 3012 2482 2459 779 2458 788 2463 5590 2472 683 2471 5967 5318 787 3017 5968 3014 5321 5969 5970 5971 3020 5972 785 5973 3458 5974 5975 5976 789 3018 3013 5977 5978 5979 3769 5980 5981 5982 5983 5984 5985 5986 5987 5988 2466 5989 5990 5991 5322 5992 5993 2467 5994 3601 5995 5996
344 5997 5998 5999 6000 631 6001 2317 6002 6003 6004 6005 6006 6007 6008 6009 6010 6011 6012 6013 6014 6015 6016 6017 6018 6019 6020 6021 4681 6022 6023 6024 6025
345 6026 648 722 5796 2223 1997 3597 6027 2020 1935 1360 4226 611 60 3942 664 620 3875 1421 6028 2063 793 6029 2144 1990 6030 1157 2035 3907 2028 713 945 2596 2086 1024 2056 631 2062 6031 1988 707 3712 67 1934 1420 822 6032 2258 2036 2232 51 1991
346 681 1014 6033 65 2058 615 611 67 2199 623 2071 6034 6035 692 3939 822 619
347 6036 681 2086 1360 1352 2494 1015 704
348 6037 4043 1280 894 1289 4147 4442 901 6038 3041 2740 3121 898 759 6039 6040 4146 678 1036 5092 3123 3910 3110 4771 860 874 3102 1517 1478 3185 1094 835 1768 3563 1277 911 1243 2741 6041 923 2755 2272 4434 1430 2758 1481 877 2219 3370 6042 6043 6044 1384 919 1246 863 6045 1538 3250 5503 6046 5484 6047 914 1594 1344 1272 1476 1088 2525 6048 4006 1901
349 6049 4722 6050 6051 3184 6052 2287 1106
350 6053 6054 1231 1322 6055 3364 6056 6057 2220 6058 3401 6059
351 3581 648 611 3550 632 6060 1352 580 6061 810 674 6032 3580 52 6062 2131 6063 1950 4227 2595 1019 5785 1017 3496 2211 3213 684 615 680 2255 664 692 66
352 648 1932 1360 2002 1997 647 2058 5353 1983 6064 6065 6066
353 997 6067 6068 2718 1964 5266 4033 4797 6069 3788 880 863 1538 3334 868 4689 6070 3079 2762 1403 1590 6071 1153 5095 4694 5350 6072 6073 3556 6074 2249 4195 6075 6076 1948 1109 897 3185 4093 3273 3270 867 6077 738 6078 4519 6079 870 3041 6080 4440 913 2767 1394 5076 1306 1258 3171 6081 4406 6082 745 2761 6083 878 6084 3098 2393 6085 2220 6086 922 6087 6088 6089 6090 4391 893 4458 6091 6092 4546 1959 5396 642 3364 1744 3150 833 6093 907 6094 6095 6096 1209 5478 4397 6097 6098 741 4535 6099 6100 6101 3136 6102 6103 3055 6104 2715 1277 6105 4003 2282 5648 6106 6107 2230 6108 5834 6109 1950 1401 51 5749 5673 6110 3697 1334 6111 6112 5159 1029 658 6113 5227 875 6114 6115 4041 1049 1961 6116 4555 4010 1320 6117 6118 2521 2326 6119 4469 1629 6120 1025 6121 3162 6122 6123 1400 6124 4529 6125 1892 3360 919 1243 4463 998 6126 4602 3080 2131 4514 6127 3096 3814 6128 6129 1140 591 1327 4630 4413 3977 2769 6130 4094 1001 6131 6132 6133 920 1976 1489 6134 6135 3083 1008 6136 1564 5917 6137 999 1500 1483 6138 3128 1977 6139 6140 939 1006 1239 2182 5741 1930 3635 6141 6142 768 1450 6143 3674 4189 1167 6144 6145 3358 5106 5505 767 1263 1038 1003 751 3566 4082 6146 6147 6148 4175 6149 856 1827 3058 5506 6150 6151 1028 6152 1113
354 658 3683 1064 6153 6154 4014 1426 767 6155 873 6156 5652 1483 1977 6157 2325 6158 6159 1449 6160 6161 2333 2544 6162 1916 3296 3753 864 1179 6163 6164 6165 5054 4403 2731 5484 1389 6166 6167 6168 6169 6170 6171 1342 1530 6172 849 6173 841 6174 6175 6176 6177 6178 6179 6180 3660 6181 6182 6183 3159 6184 6185 6186 6187 6188 6189 5685 6190 6191 6192 6193 6194 3088
355 6195 4424 3888 6196 636 2068 6197 6198 3826 2154 3718 5373 2086 2052 4140 3581 3968 2120 6199 6200 6201 5154 2245 4875 623 2814 629 2698 2199 822 2148 6202 2097 5533 1418 2825 6203 6204 6205 2678 6206 2405 1991 6207 6208 2817 3754 2361 6209 6210 6211 2399 6212 6213 624 2066 6214 632 6215 6216 6217 6218 6219 2071 2595 6220 6221 6222 6223 6224 2660 6225 4903 6226 6227 6228 6229 6230 3723 6231 6232 6233 6234 5290 6235 6236 6237 4808 6238 5293 2801 3756 6239 6240 6241 5275
356 1185 1216 1182 1212 958 5346 577 1208 6242 6243 6244 6245 952 2375 6246 6247 6248 6249 6250 6251 6252 6253 2378 972 6254 6255 6256 6257 6258 3466 6259
357 707 618 2229 614 611 1017 2131 1952 1157 1145 4195 1950 1011
358 5284 2105 4661 2056 2600 611 2569 2383 6260 50 5834 2027 6261 6262 6263 6264 2049 2055 1360 1935 6265 2154 6266 622 6267 6268 6269 4371 3712 5206 1553 2820 2148 2114 2111 2199 2126 5796 2053 1418 4924 6270 4366 6271 2664 5830 4889 6272 4827 6273 4505 6274 5344 6275 5605 2026 6276 6277 6278 4854 6279 6280 6281 2698 6282 6283 6284 6285 707 4861 4914 6286 2248 6287 6288 6289 6290 6225 6291 6292 6293 4998 1157 2210 2394 6294 6295 2714 6296 3756 6297 2257 5529 5279 6298 6299 6219 2074 6300 6301 6302 6303
359 589 5880 707 945 6304 6305 6306 6307 6308
360 3392 3308 5122 835 1089 1311 6309 1406 1265 4122 3651 4503 1491 1167 3302 4780 6310 680 1360 3085 2168 5636 1356 1243 4166 6072 3591 6311 1309 2429 1255 6312 6313 6314 6315 6316 6317 6318 4342 6319 6320 6321 6322 6323 6324 5432 6325 6326 6327 843 6328 6329 1153 3055 1480 1894 6330 1508 2426 6331 6332 5635 5507 6333 50 6334 5463 1921 2453 6335 6336
361 2481 2457 3017 5967 774 6337 5981 3022 5965 3032 5628 2467
362 2474 6338 6339 789 3009 3008 2471 2477 2482 788 772 771 3019 5627 3017 2457 2478 3343 785 3768 687 6340 2460 686 2456 2455 6341 775 786 6342 3015 2459 2458 2467 781 6343 6344 6345 2287 2131 674 622 614 631 3741 611 2065 685 3732 6346 6347 2197 2018 6348 5992 3018 5328 5978 6349
363 1137 536 3488 6350 6351 3467 5399 6352 6353 1126 3865 6354
364 2220 6355 1394 3654 2829 6098 3364 895 6356 6357 3152 1002 1006 3188 996 1966 6358 999 995 1414 5397 6359 4087 861 6360 6361 6362 6363
365 2584 3969 3374 3610 4429 6364 3606 2583 65 1989 3744 6283 3612 6365 6366 3316 6367 6368 2168 6369 6370 6371 632 5058 5767 2563 690 3067 2223 5724 5007 3952 2781 3829 716 6372 6373 5382 68 3323 2551 2658 6374 651 3609 6375 649 2366 6376 2494 623 6377
366 2085 3315 1952 51 2028 4223 6378 2007 66 2065
367 1253 6379 6380 627 6381 2442 6382 6383 1356 6149 5740 3131 5498 6384 1167 6385 6386 2544 923 1298 6387 6388 6389 5705 1279 835 1161 1255 1289 1892 2445 1562 2270 1472 1259 6390
368 1360 3100 2084 3075 4820 681 1988 2666 3875 1159 810 693 6391 2092 720 2255 3310 2093 3957 6392 2587 2777 2266 1158 2586 1016 2001 649 3608 1950 3221 3327 3963 6393 5574 4752 727 2559 3965 3969 945 3069 2663 2634 5836 610 1545 2014 6394 718 6395 2564 4834 2136 3830 3889 4350 6396 2352 1423 2596 6397 6398 2223 793 3943 2620 2595 612 4823 2144 619 4424 2696 2640 2588 6196 3578 6399 2110 5761 6400 2098 1288 648 4822 3892 5735 6401 3347 2609 2615 6402 2658 2086 4875 3890 6403 3710 2105 679 6404 2035 2058 2020 2614 6405 6406 6407 5329 5004 6408 3712 6409 5017 2561 6063 2043 662 1015 651 3714 2112 6410 3819 2111 3826 2139 6411 2644 2124 6412 6413 6414 4838 4346 704 6415 6416 5759 1934 2088 6417 5339 6418 6419 2116 2148 2611 6375 6420 6421 2678 2133 66 826 4839 2548 698 2264 6422 2410 812 5830 5353 6423 60 2065 5799 6424 2679 2067 6425 6426 697 6283 4508 632 2000 4195 629 2070 6427 2154 3738 4758 696 2103 4996 4371 616 3597 641 4473 6428 2677 2049 652 2211 2151 6429 636 3755 624 1175 615 3887 2698 1416 6430 4940 6219 6365 2403 3614 6431 6432 3719 6433 640 6434 6435 1112 6436 2016 6437 2359 6438 6439 6440 6441 6442 1553 6443 6444 703 4961 6445 6446 2104 2602 3737 6447 2578 4188 6448 6449 2007 2405 6281 1418 6450 6451 2820 5485 4365 5036 6452 6453 6454 2641 2155 639 5215 5364 6455 6456 588 2030 6457 4814 3950 6221 2032 6458 6459 6460 6461 3757 6462 6463 6216 6464 4988 6465 6466 4427 611 6467 6289 5338 6468 2796 6469 6470 6471 6472 6287 822 6473 6474 2066 5564 6475 4230 6476 3085 6477 6225 2676 6478 6479 6292 6480 2072 6481 6482 6235 2052 6483 6280 6484 1560 6485 6486 6487 6488 6489 3375 6227 3756 6490 6491 3840 5716 5771 3724 6492 6493 6494 6495 6496 6497 6498 6499 6500 5606 6501 2710
369 2625 6502 2495 621 619 629 2016 5523
370 620 6107 1998 2199 1145 707 1157 2062
371 2560 2585 4168 2056 704 2612 2058 2663 830 3731 6503 4180 831 6504 6505
372 790 3229 6506 703 3230 3830 2221 2410 2612 722 2399 6507 2664 6508 6217 3917 2051 674
373 843 1144 658 627 1065 868 1052 1157 992 3989 3383 1090 1470 656 6509
374 2234 2117 3962 2569 3615 1551 4658 4846 6510 2089 706 6511
375 1179 1394 656 1256 6512 3041 1520 1575 870 3127 1521 3241 3093 1003 3120
376 2084 2287 2551 2642 6513 3731 6514 6515 819 6516 6517 6518
377 631 3328 2151 1111 2210 2140 707 2287 4832 1950 2065 5373 611 812 2154 2007 2199 629 1981 4230 2361 4825 624 3834 2625 2286 3319 1268 6108 1424 6107
378 6519 2150 6520 6521 6522 2119 3755 3965 6523 2548 5275 6524
379 1024 809 3967 6108 2000 633 1157 6525
380 6526 1264 6093 1143 1064 3170 6527 1251 6528 1651 3103 4528 6529 1679 6530 6531 6532 6533 6534 6535 4121 6536 6537 6538 4784 3340 6539 661 6540 6541 6542 6543 6544 1052 3679 3427 6545 6546 6547 6548 6549 6550 4546 4031 3415 6551 6131 6552 5130 6553 6554 6099 6555 4041 4014
381 1949 2587 680 793 2072 3372 6556 618 6506 1360 6452
382 1019 692 6557 6558 6559 6560 1140 3990 1855 923 1087 3390 5238 6561 6562 3165 656 1425 6563 5073 1655 6564 6565 5143 5227 3404 1437 6566 1049 6567 3295
383 4212 4668 984 4218 2318 6568 5410 6569 598 4202 2505 6570 2509 6571 6572 6573 2844 6574 6575 6576 6577 6578 6579 2725
384 648 620 1157 674 647 1934 2006 2197 3581 3710 664 1352 1145 1987 670 673 6580 6446 621 2000 625 67
385 4832 5959 580 3272 273 6581 1223 3176 1394 1470 1684 6582 6583 6584 5310 1671 6585 6586 6587 6588 5459 6589 561 560 5299 1207 6253 6248 6590 6591 4009 6592 6593 6594 1945 6595 6596 6597 6598 2426 5697 1818 2716 2280 3166 6599 1250 894 6600 1566 1393 6601 1029 6602 632 6603 6604 4456 870 6605 610 6606 3196 6607 6608 4992 2725 2377 6609 4155 2330 1838 1595 6610 3183 569 6611 6612 6613 6614 4503 995 6333 6615 4167 1817 833 5460 1257 5457 6616 5607 6617 6618 1055 6619 1573 6620 1481 6621 6622 1010 6623 6624 6625 1049 6626 6627 3150 651 690 2211 2428 6628 2527 4409 4175 6629 1277 5078 4687 1959 6630 6631 616 5367 64 835 1967 5113 3164 1483 6318 4067 6632 6633 3294 6634 4041 1368 4164 6635 6636 6637 3628 6638 2552 5799 664 6639 1288 6640 6641 845 6642 6643 6644 6645 6646 4494 6647 1855 6388 6648 6649 6650 919 6651 6652 6653 6654 6655 2345 1255 2606 5244 3801 6656 6657 5533 6658 3594 1984 6659 887 1304 6660 6661 6662 6663 6664 6665 4345 6666 6667 911 4492 2705 2234 2143 1028 1339 768 1390 6668 2092 2134 2544 4438 6669 4391 6670 2342 1341 6671 1373 1411 6672 5336 2651 2250 1540 6673 6127
386 3067 6674 2141 2649 2573 4858 6675 6676 6677 6678 6679 6680
387 3049 2286 3580 1449 2220 833 6681 4778 677 5026 1959 656 6682 3082 6683 6647 6684 1049 644 1076 1483 2271 6685 6686
388 6568 5565 3038 6687 2507 6688 6002 6689 598 6690 4218 6691 6692 2323 6693 1940 987 4202 597 989 2510 2315 6694 6695 5567 6696 4671 6697
389 1023 4230 2020 648 1988 50 631 1271
390 6068 1964 1167 3566 5700 2216 3777 6698 1966 4701 4708 1959 1496 1512 3275 2832 6699 6700 6701 6702 910 4574 6703 3250 6704 6705
391 2255 1932 1360 60 1179 6706 1352 3710 6707 2612 3826 6708 6117 6709 1257 768 767 6710 6711 6712 6713 6714 2020
392 4764 1257 4763 6715 6716 4796 6717 1104 1179 992 6718 4699 1066 1540 1069 843 642 1028 627 1278 4412 944 942 862 2327 935 865 1959 3109 1299 3806 755 916 6719 3164 1070 6720 2744 5304 835 6721 677 767 5076 739 6722 4390 1150 4088
393 658 678 3996 2831 3113 3393 3789 2273 2834 1061
394 876 3113 1061 4802 5521 1179 6604 1443 6723 661 3782 3989 1065 4765 677 3096 3977 6724 5076 739 1090 2834 6725 1342 658 6321 5054 627 6726 6727 4000 1101 6728 873 1519 3809 3976 2186 612 6729 2767 6730 6166 644 899 3996 678 3404 6731 1537 6732 4106 3992 3783 3987 4102
395 2255 2569 2352 5527 702 3235 3720 1293 4473 6733 694 2645 693 6734 6735 6736 6737 6738 67 822 2806 716 6739 6740 5730 6741 6742 6743 6744 5779 2094 3063 2589 2258 6745 6746 727 1352 6747 3711 5351 6748 6749 6750 5380 6751 6752 6753 6754 6755 3714 6756 6757 6447 6272 3310 5843 6758 6759 6760 6761 1016 4851 6762 6763 6764 4889 6765 2800 6766 6767 6768 6769 6770 2123 6771 2548 68 3314 6772 5055 6773 2250 6774 6775 5040 6776 610 4944 1945 4954 6777 6778 580 6779 6780 6781 5607 6782 2577 3551 2401 5883 6783 6784 6785 2120 4877 4982 6786 2087 6787 6788 6789 6790 6791 2667 5295 6397 707 2708 6792 4964 2391 5848 6793 4842 6794 6795 632 6796 5530 3608 6797 2092 3580 4941 6798 2640 5056 6799 4343 6800 3715 6801 2103 6802 5432 6803 6804 6805 6806
396 580 631 1998 3825 3580 3933 51 3581 2200 2006 2085 690 2497
397 3221 3939 1952 2223 6807 4230 6808 64 2062 2012 3875 5571 6809 600 5410 1145 2086 2040 5929 5616 6810 2085 2061 65 616 51 6811
398 64 3611 2134 2062 2036 2056 647 685 2033 2040 6812 945 54 6813 1948 3581 680
399 3058 6814 3096 2219 856 1035 3129 3109 4107 3106 3151 2214 845 3366 1964 3553 6815 751 6816 5304 591 5654 6817 911 3689 3167 1052 626 6818 2755 738 3171 922 6819 6820 5218 3126 873 1092 5670 6821 3338 3155 5255 1433 6822 910 3053 1028 1377 3800 3303 3258 5672 843 1350 3199 6823 5253 666
400 3345 2604 6824 703 2788 6825 2701 2632 6826 5273 2705 6827 6828 6829 6200 6830 6831 4361 5573 6832 2812 6833 6834 6835 5373 2148 2636 1423 1981 6239 1553 5759 2052 6836 6837 6838 6839 6840 6841 6842 4832 4863 6295 2591 3890 6843 1560
401 6844 694 5732 3712 611 6845 5789 2598 4343 6846 50 3575 2285 6847 6848 3075 6369 6849 3886 6850 6851 6852 2263 2658 6853 2615 6854 4849 6260 2784 2781 707
402 2084 1423 2710 2067 632 2026 2286 2282 2023 5929 2049 6855 822 6856
403 3799 657 6857 6858 1077 6859 1147 6860
404 631 3581 5878 3825 1998 1421 2200 2006
405 3603 1988 673 2085 6861 946 1997 2585 2642 4505 4182 2068 2678
406 3931 6862 6863 6864 831 6865 6866 6867 6868 6869
407 1014 663 626 3783 942 1989 863 3791 1986 2002 1289 674
408 5125 8717 5646 2576 9245 1057 6706 8759 3639 7745 4167 6220 3664 7250 2136 7770 1654 4734 6816 8361 3760 691 9910 9918 5825 6850 707 4808 8912 1235 4316 9442 9957 4331 4848 5877 9977 9465 2300 5887 4863 9475 2821 4367 6930 3354 797 7966 6945 8491 2868 4921 3405 1870 1875 4435 9568 1902 8053 2937 6523 892 2941 6534 8078 9115 8093 4000 8613 5547 4526 6578 9651 6074 7614 3546 9692 7132 5094 8176 3056 3061
409 9984 5507 8713 6666 4747 3852 3341 7817 5776 5009 3602 6291 7441 2838 5526 664 5785 1691 3867 8605 9886 7455 9250 1955 5027 2726 4649 3117 6062 2864 3760 8880 2360 1217 577 2247 5575 6217 1996 3023 6483 6868 6101 9432 1497 2909 3808 6752 7010 2145 6244 2279 1128 1645 8686 1521 9970 3826 5749 9974 1149
410 1287 5384 7947 7054 3345 2065 2068 6036 1815 5528 5627 5402 8603 8215 3869 4896 8613 7718 8231 1065 8234 6061 6703 6196 7351 4409 1220 1862 584 9419 2380 9552 8531 6489 7130 3803 9312 5345 6625 4833 9057 6889 5225 9961 2156 3950 2798 6769 7282 6390 7160 3961 8827 3069 7678
411 3602 5142 2075 8736 1584 9265 7219 9272 1080 7738 3132 4159 8267 6731 3661 591 4190 2149 3173 3183 6769 1650 5745 6262 8828 7295 9860 2693 5775 8344 6298 4772 1704 682 2223 5300 6327 8382 5822 6855 8392 4814 2255 5844 726 2264 1761 9444 7399 8944 5362 9982 1796 2313 777 3855 2324 2329 3873 4390 5419 2349 7483 3393 4419 2891 7002 2405 4982 2424 2425 8062 4492 1942 1435 3498 6070 1988
412 2883 8805 8905 7498 6347 6796 1964 3566 9838 6032 9905 7159 5113 5789
413 1092 2793 1033 9835 9549 5582 9488 2385 5168 3600 1909 3893 2710 8984 5307 2014 1791
414 2179 1669 5000 5642 2699 2058 8465 4257 6947 932 2597 7460 1707 1708 1326 6459 1981 7107 970 2900 4186 5729 7266 751 2547 1525 6134 6646 1275 9599
415 4126 7202 4648 1578 7211 9777 8761 2618 2617 577 4675 4678 584 4172 588 5205 5211 1120 4705 3168 7780 613 6249 9846 9858 1668 7813 3210 6290 9897 8362 2734 7343 7366 5838 5839 1233 4307 7892 4309 9945 735 1763 8939 9971 4857 9982 2303 9987 6410 8972 5903 1819 5404 3876 7461 9509 7483 2884 1863 4424 1362 2899 7512 5472 1377 8546 7525 2928 5488 3445 2935 890 3966 7038 7053 9102 7574 3993 928 7593 7606 9150 9152 965 8667 2536 6639 9724
416 6400 896 9600 4869 774 4231 2440 3724 3854 7183 3858 8854 6295 5400 1431 7447 5019 1308 2583 5918 8351 9248 546 8227 3746 5542 1194 4268 7213 8109 6318 2480 9136 4531 5562 7482 1596 8765 6075 5055 2495 9921 6983 8907 5070 5587 3156 5974 1623 8792 7256 9818 6368 3168 4066 3555 8931 3170 3685 4458 5867 7787 2285 2667 4331 9840 6256 5363 2676 2164 4215 2809 891 6397
417 1559 3621 2604 4143 6206 9790 8256 1093 6226 2133 621 9839 6776 6270 3200 3720 1683 7316 6293 7832 3228 3750 1706 4788 6324 5819 2236 1731 2766 4820 4312 3805 7390 2794 6891 4335 757 5894 5905 787 2835 3859 2836 8988 4382 5410 2854 2859 2350 1332 2365 9026 8004 6483 8538 4958 3943 3952 9085 7551 898 2947 1424 6545 7060 8093 2478 7600 4024 7105 6600 2508 1997 7118 2513 1493 1502 8676 7653 2532 4080 4598 504
418 774 4104 8585 6026 9098 6665 4108 5009 7185 6806 3223 2712 8856 1179 4891 7068 5022 6559 7201 1185 1316 6309 7720 3752 6059 7212 4912 6705 6962 7859 1845 7609 8634 3771 6718 4419 707 9411 7879 3400 4042 2891 6348 8912 2768 978 1235 3028 6736 9046 3542 3280 2521 5852 4320 4449 8418 1635 8674 9189 3177 2794 9324 2158 6254 8943 9198 2802 8691 5621 2422 1911 4218 6267 6526
419 514 6281 7561 9226 3213 9485 2575 4735 7570 9625 672 3235 3366 2224 7346 4914 9781 6967 567 9533 1853 5313 3522 9667 8778 4300 592 7637 3926 1383 3306 5998 1008 5107 2549 4982 6391 3192 1017 7419 5119
420 4611 1541 4103 8713 5659 548 9260 4152 9278 575 8773 3658 3158 6234 3171 6756 7280 9335 1147 4738 3204 4750 3221 4778 5808 1723 4801 4815 720 2771 8917 5344 6892 1772 1786 3837 7941 7445 790 4887 7957 791 4896 8488 2860 2351 5935 1330 4405 9014 8509 6974 9540 7494 849 9045 9046 9558 1883 9054 6496 6505 2414 3440 8560 1404 8592 7570 2453 9119 8607 5025 7588 1957 6566 4523 6572 4015 2484 1461 7094 7610 8126 5064 5076 7124 9174 9692 5599 4067 6127 9720
421 1028 3593 4105 3094 2078 3621 9769 8234 5172 6201 8768 8261 3655 7241 5734 615 2154 3691 5239 1657 1148 8829 6274 9354 9355 8335 1680 9364 3221 3230 6312 3250 2237 8901 5320 6859 9419 3812 1768 3828 6903 4855 6397 7430 4873 9212 1293 6928 4881 8466 2840 5401 5416 812 2867 5431 826 8507 7996 9023 4932 3409 5970 9046 4954 4449 3937 3429 1396 6519 3448 1915 8064 898 3976 8584 8077 1428 8597 4503 925 3488 2464 4011 944 9139 4020 8633 4033 3523 7625 3024 2517 2016 2019 9195 9199 6130 1532
422 5889 4354 1923 3077 5254 6029 2189 3215 8593 5013 918 919 4121 6681 4763 5531 4378 2078 9508 5928 9128 4010 2858 6956 4653 9518 5805 1071 3377 8503 1976 8377 5306 7231 6464 1473 7360 3395 2118 8262 4297 1866 5326 9934 2256 8399 8146 6606 3924 4816 8018 2775 9561 3962 4831 1888 8037 2151 8558 3311 6000 5233 1904 9838 752 8437 7925 5617 9722 4605 894
423 9989 3974 3209 781 9870 9614 1939 1684 4758 1816 666 1050 2204 6685 5147 6049 6691 8484 3749 4008 8874 6314 686 1968 1841 565 9530 6077 6845 1089 8513 8771 3781 837 8648 713 3274 3787 5579 718 4943 9039 7376 1107 6739 4087 5719 1368 9432 3038 9310 4067 5096 5481 8554 2152 2154 9961 3177 4207 8433 1139 6900 5495 2552 8316 8061 2174
424 6657 2178 1570 5957 6984 1547 5773 2765 3765 5017 2174 8027 6236 3070
425 9733 6928 4241 4756 2964 1940 9240 951 4542 3266 5960 1608 6740 7509 5460 6743 7129 3316 501
426 6147 2067 7188 9754 1071 1076 9786 3642 2630 2631 1099 5196 7243 4177 2130 5201 1108 4699 8796 8809 9323 2668 8818 1147 7305 1677 5263 4267 6315 692 5314 8900 1224 1227 1747 2270 7908 4330 2284 4337 8948 6900 4352 7434 3885 5935 6448 2354 1844 8507 8520 5966 6990 6480 3937 5991 8042 4979 1916 8066 7573 9626 9115 925 2976 6062 5551 6073 5057 6090 1490 5591 3550 3552 2019 6121 6638 7663 9725 6654
427 8714 527 5142 5145 8734 4127 7213 4142 8242 2618 6715 3132 4668 9282 4162 4677 9287 586 6229 3161 3166 8803 5743 1140 3703 9342 1666 3718 5259 7823 4251 2209 682 8364 7854 3255 5325 1747 2259 7897 8414 6381 5358 2298 9467 1276 8965 6921 5911 2839 2844 6946 4393 3380 9018 7995 829 5439 4936 846 2913 3446 3455 1417 7056 7578 9631 9633 4004 8101 957 6594 6598 1482 6602 5582 8148 1496 2523 8667 5598 1506 1520 8689 5104 6131 1534
428 1408 4481 2179 1400 6661 8461 6029 1275 8216 2202 7579 9630 931 7844 9253 1444 2471 3116 5041 1969 5559 7992 5687 5691 2365 5439 7233 7235 5956 9546 7245 1998 4944 9553 8404 7125 7896 1368 8922 7515 9437 1246 1121 1125 8805 3305 6130 7798 6136 5626 5243 1916
429 9600 9089 2178 7690 6412 9085 2190 5135 7310 2325 662 2966 5144 5399 2714 8346 3101 7325 4513 5411 5544 6953 938 2604 2989 1582 4399 1072 6198 5689 8762 9146 2492 7543 7104 1344 8257 4291 4675 2630 7238 9032 840 8138 974 7632 3409 4689 8145 9682 5717 5463 5593 5470 3423 9822 5474 6499 613 9191 7401 1385 6634 4462 8559 7919 6512 4595 4221 9336 2167 9848 4860 9597 2686
430 9608 7437 8977 1810 8209 3860 1434 801 934 5287 4907 9388 2749 6209 1221 9428 5469 1887 4192 4453 6245 2922 9201 8696 2425 4987
431 4609 2954 7182 2446 6287 5781 8735 6176 9375 5410 2848 6310 7719 2856 9648 3633 6705 5308 2492 7103 6605 590 4178 3666 981 9831 5226 3822 9966 5616 2931 5491
432 4226 2819 9226 5900 9612 4492 2703 1041 5777 2579 9236 8981 7578 1954 7460 9258 6829 4525 2991 2480 3122 9140 2485 825 4282 7740 1343 6848 7233 834 4038 9158 4808 5835 6732 6603 4048 4944 6739 3411 6103 9433 730 1243 6879 2916 4453 1892 9448 5992 3561 9839 9583 7153 8432 4083 3315 4213 6515 1655 5240 5754 8444
433 9861 6665 6928 4241 4368 2709 7450 1187 6564 1700 552 8491 2476 7854 3891 4660 2360 4281 7864 8251 8125 4031 3264 4161 5322 6858 8140 7885 4430 3150 5070 8014 4429 8523 2129 9173 8919 9563 9181 2910 733 8673 6625 2787 7525 5354 877 2545 5878 9081 8830
434 4481 8452 4741 3850 2827 2956 5390 910 5009 5012 2587 5408 9507 2297 549 6440 7592 2345 6573 9647 9654 7480 6718 2624 4544 707 9411 4805 969 9805 6480 6233 9571 741 1894 6630 2411 1003 3311 7664 5109 634 9337 1018
435 3975 8587 3724 5132 4620 6156 4368 6544 2323 532 1299 8854 2840 2970 4507 1824 7969 2594 4131 2980 8230 3628 7855 7344 2608 9657 1209 8892 9283 9029 6982 4550 712 3527 9414 3920 4817 4179 7508 2132 4820 7293 4440 3291 5600 7008 1761 4832 8932 8038 7016 9962 8428 9197 3183 2292 4981 503 8696 3961 3707 2940 2429 6783
436 2049 8585 3850 4492 5901 9742 8977 2452 4247 3610 6683 7966 5279 5674 7724 2092 8238 1838 4397 7350 3771 9916 1725 1470 6463 7360 3260 9024 5187 964 1862 5448 7369 7883 848 3665 856 9817 3295 3040 9317 9962 2798 7663 9459 4600 8958
437 4352 7297 2946 9345 8839 7943 2825 9593 7825 657 1941 9238 6934 8217 9371 8348 8863 672 2853 8870 2341 1963 1964 7212 3116 6702 1339 6588 835 4932 7749 4934 4551 8135 9806 6734 6224 1624 2266 4189 3422 2923 8172 4590 9331 4468 1525 1526 4084 9465 2938 1150
438 3424 4415 2717 2249 5259 7758 7055 3037 8238 8115 6452 2040 8601 8282 2269 7966 3551
439 6146 3076 9220 1032 2570 4112 5652 8733 553 4143 3634 8758 5205 2134 9815 7261 9821 9826 1123 2660 2148 7785 3183 2676 2164 4730 3203 7815 5262 6802 4242 2709 5782 9366 7321 4253 5789 1700 8871 2728 8362 3757 5303 7869 1725 5823 8895 8899 1737 717 2257 1236 7899 3298 5358 3313 9458 8949 2298 7935 2841 9499 797 5406 6941 3878 6950 2863 4914 7997 1342 4936 9042 1376 4450 9060 869 1912 1930 9622 1959 1964 5549 8626 7616 3022 6608 8658 2004 8156 6117 4583 1520 9713 7666 2547
440 9607 3986 9112 2458 6939 5533 7329 7602 3126 4920 5829 2504 5963 4686 9040 9810 5344 8930 8186 9959 9450 3053 2031 9586 7411 4597 1018
441 8321 9217 9475 9861 1543 2441 1931 7438 655 1275 7696 5141 3862 4375 6807 665 5914 3996 7326 6695 9901 1454 687 8880 7728 5041 8115 4531 2359 2361 3514 8122 5181 4672 9158 713 5070 3792 6609 5586 2643 9939 6099 6739 2394 4702 4704 994 9059 3430 3687 7274 875 5742 4474 8047 2545 626 7794 6644 7539 2425 9978 1915
442 2568 9746 6176 6182 2098 2117 9285 1095 4166 9287 8266 5706 1100 8271 592 603 2662 9850 5754 8828 7813 5776 661 8343 7842 685 8391 4301 4302 3279 8912 9434 3813 750 1775 7416 762 9473 5379 9989 2828 2837 4378 4379 5938 3379 1332 6977 1356 2901 5974 4956 3424 7533 2937 4474 3961 4477 9600 3465 6035 9111 8601 1950 9646 1968 8627 1463 9147 6591 5059 6088 7625 5577 5589 4570 4060 8166 2047
443 1547 6676 2069 3095 5144 6177 550 6701 1073 9786 3643 3135 6721 2121 6733 8790 6743 3158 3161 8281 3162 8798 4196 4726 4731 1150 641 4738 7300 9348 8847 7827 2717 3754 6828 8877 686 3251 7864 6345 1231 9423 1748 6367 8964 8970 3346 4896 5409 3366 6968 1337 8509 8003 6986 4940 9037 1881 5467 3421 1374 5477 4967 2419 1918 9095 905 1931 9613 6543 9108 9633 3493 2986 2987 9645 5553 9137 2483 5044 4535 2488 8631 3518 5054 7620 8143 3541 9177 6106 9692 9185 998 1532 4094
444 6401 6147 2954 1809 3220 7956 536 7450 8860 1440 7841 4256 676 8505 3134 2624 832 4801 1218 4170 981 3670 9943 2904 1497 5208 7386 1879 7521 3306 7660 1773 7020 4978 5501 2815
445 1538 8195 1541 5643 3601 1044 9749 6166 4649 8751 1589 7738 1608 4185 7277 1645 2160 3185 6264 4732 7819 2193 1172 5780 7842 5286 9901 4284 4809 6858 5327 5845 8419 6373 6892 4846 7411 2291 7414 7928 6909 7423 1279 7435 5909 794 2333 6432 802 3380 7488 2370 2907 5469 5982 2912 8033 1379 6500 8045 5498 4476 7570 9106 8097 7595 6071 951 4536 2497 1483 9167 5076 9686 8153 9178 2528 995 996 3571 6133 1018
446 2584 9756 6690 2085 550 5160 1578 4650 5167 9778 4659 8755 5173 7223 8257 9292 8783 4697 608 2148 9842 1149 1663 2688 6786 9351 3216 7316 3223 5787 9885 4262 6317 7854 7343 2737 8889 6863 6352 3289 4326 5360 9975 3833 7478 3383 9538 9029 3912 2378 847 9552 4437 4950 3936 1377 8043 8063 1411 6024 4490 9615 2962 7574 5023 6560 7078 2470 1448 6066 3507 2997 6585 7612 4542 3011 8666 9179 1505 3042 7140 6119 1000 2034 9715 2548 8181 3062 1526 1523
447 3330 9603 3333 2952 7433 3082 2444 8205 5262 4492 9105 5396 3224 7833 7707 1308 3868 3617 5282 8739 5538 5026 3366 9645 1326 5933 9007 8110 9781 4277 8504 6458 1341 574 4031 5182 8769 9795 5188 5317 9158 7108 6223 6224 7376 1492 5846 7257 9952 3042 3810 5349 9701 6890 3051 3179 9581 7402 9713 7027 4853
448 2565 2055 2571 7691 2070 4640 2593 551 2088 8237 3118 3642 7226 1594 3135 9793 6214 9807 8273 1121 4197 1126 4199 8809 3690 6255 3187 4228 6792 8848 8339 4757 4251 699 1213 5318 5323 9428 2785 6884 742 2278 749 3827 9973 9465 3321 5370 3324 3338 2320 5907 1815 5914 5406 9504 4896 2865 7477 5432 2368 2375 1353 8011 5964 8527 8027 3428 1894 2926 8560 5489 2418 5494 2426 8059 2432 5513 9612 911 2447 6033 7063 2465 8114 4024 7611 8131 3019 1488 3034 4059 9189 3558
449 8611 3683 9125 5158 6151 6279 6019 4966 4427 647 6861 9966 7278 9587 6387 7227
450 8198 4617 5642 3097 5153 1068 2096 8244 573 1601 3650 5185 5707 6732 8786 3158 1111 2137 7259 1640 4712 6259 3738 1179 3739 7336 8876 3254 8894 9921 9932 719 2256 4817 9937 4820 5851 744 747 4845 1261 4340 3317 9462 5883 770 5891 3341 2320 5393 2321 2835 6928 9497 3875 4393 817 1844 4416 1358 8527 4952 4446 4968 4476 2429 4990 4485 7565 5015 926 6558 9633 7077 4006 7079 7601 5558 7107 7632 6611 1492 6100 5077 7657 3562 6129 1530 7678 3583
451 7427 8325 649 8333 2062 2957 4752 911 2579 1300 8211 1046 7191 3738 2715 2586 7581 1188 3882 1706 2730 8109 4910 4911 9392 6067 3511 2615 831 4033 580 7110 9286 3400 839 2246 8396 3277 9934 5070 8912 5585 4561 6477 9429 8537 5850 8155 7643 8284 1628 3290 6368 9314 8164 7144 7915 5355 8301 5486 3695 8050 1013 3190 3575 1786 6139 1020 2814
452 5504 6785 1283 1156 8327 6794 3467 8843 6542 2191 784 8722 5907 4503 6297 8090 9754 3227 2717 1054 7072 4387 9891 2341 4261 3111 5288 6699 1326 8118 3641 2491 9917 3007 9922 8642 8646 8137 714 3913 7881 1482 7754 1744 2261 8022 9687 3032 8664 8282 985 3420 5341 6876 1759 5848 3171 4837 1126 5735 9320 3563 1260 4461 3440 6641 4083 6518 1914 764
453 7428 2182 2439 7179 3087 3856 5651 5273 3995 8223 2468 2085 8742 3492 3368 6956 2476 8112 4528 9906 9526 1462 7222 9271 8127 6594 5333 5079 5210 6746 7003 9056 2532 9193 8430 9072 4340 2424 2809 1786
454 1152 7553 1413 6533 7818 4491 8588 2444 3214 4494 6542 1422 6548 6041 2842 2330 5277 7839 1186 1570 9980 9381 5800 4009 6521 3882 6577 2994 5553 4020 4914 7093 691 5179 1855 704 5058 7490 5958 2503 8136 5705 6729 2123 6219 1867 8654 7246 3411 7547 6101 5105 5342 4574 5858 4579 2023 3431 5479 1514 7275 8812 2412 2289 6769 3699 3060 757 5749 1527 3192 3321 1402 3963 9852 4861
455 8961 7300 5831 3688 7176 8906 4586 683 5415 5085 1940 5749 2587 5373 8286
456 2567 7694 5647 3094 5654 8217 3112 9768 8746 4144 1081 3133 8261 8781 5710 4175 5242 9878 5281 7329 6311 3243 5804 9903 711 4314 7678 3307 1772 8943 7926 4865 6920 7949 7438 4894 7456 2338 5410 9525 8502 1849 6970 2876 9021 2881 2883 5955 2904 7519 9058 2917 4459 7020 4461 9071 1906 6519 4478 3456 2950 2450 9619 1426 9115 8604 1440 9125 2470 7591 4005 6060 9657 4034 9167 2516 7129 9193 6641 3057 8689 2046
457 7168 4481 6789 9223 3854 3343 6165 4758 6423 1175 5531 6175 2465 8481 7593 2220 6700 8366 1070 3511 8897 5443 4292 7108 8771 1608 6089 7498 5834 593 2004 7166 7127 1499 6363 6877 4196 9829 7014 5348 1000 6759 620 8429 1263 1905 2166 1274 6524 4606 9471