45538 0 45539
32041 1 45540
45541 2 45542
45543 3 45544
20997 4 45545
45546 5 45547
45548 6 45549
45550 7 45551
34167 8 45552
45553 9 45554
45555 4 45545
45556 2 45557
15974 2 45558
45559 10 45560
10608 11 45561
45562 4 45545
45563 0 45564
8696 2 45565
38793 2 45566
3876 2 45567
29259 10 45560
45568 12 45569
45570 2 45565
33519 2 45571
2966 13 45572
45573 2 45574
32481 2 45575
45576 0 45577
371 13 45572
45578 12 45579
45580 4 45545
4090 14 45581
33931 12 45579
45582 2 45583
45584 15 45585
45586 16 45587
18023 4 45545
45588 16 45587
45589 17 45590
26276 2 45567
45591 5 45547
41640 18 45592
45593 0 45594
24362 19 45595
5949 12 45569
12669 5 45596
45597 16 45598
18539 11 45599
45600 16 45601
45602 5 45596
45603 19 45604
45605 2 45606
45607 16 45587
45608 20 45609
45610 2 45611
45612 21 45613
45614 22 45615
45616 7 45551
45617 4 45545
5198 20 45609
35119 23 45618
45619 2 45620
45621 24 45622
7746 9 45623
6072 25 45624
45625 1 45540
8199 20 45626
29580 2 45627
45628 2 45629
1885 19 45630
2911 21 45631
45632 5 45596
11947 19 45633
45634 2 45635
45636 2 45574
41178 2 45637
45638 2 45639
45640 6 45549
18681 2 45641
45642 4 45545
45643 2 45644
45645 1 45540
28309 8 45646
1498 9 45554
8591 17 45647
19517 14 45648
39829 26 45649
23630 1 45540
21231 2 45650
45651 20 45626
45652 20 45626
45653 20 45626
9264 2 45654
45655 2 45656
45657 2 45658
45659 1 45540
45660 2 45661
2877 9 45554
45662 2 45641
45663 2 45664
45665 16 45587
14657 2 45666
45667 21 45631
15053 20 45626
14328 6 45549
21955 18 45592
4468 27 45668
31708 2 45669
12799 17 45647
45670 0 45564
45671 20 45672
45673 2 45674
45675 1 45540
45676 2 45677
45678 20 45679
45680 2 45681
45682 14 45683
45684 2 45685
45686 28 45687
45688 2 45689
45690 2 45691
45692 2 45693
7554 6 45694
23534 6 45549
45695 2 45696
16889 25 45697
45698 16 45601
13992 14 45699
45700 4 45545
45701 2 45685
31039 22 45615
20003 22 45702
45703 16 45587
19455 2 45627
4619 5 45547
27284 15 45585
21252 29 45704
7960 2 45627
45705 19 45595
45706 1 45540
45707 12 45569
16499 2 45567
45708 2 45709
45710 0 45564
41033 0 45711
45712 2 45713
45714 2 45715
45716 7 45717
45718 16 45719
45720 2 45721
45722 16 45723
13972 2 45724
45725 16 45726
45727 10 45560
45728 2 45685
525 28 45687
20272 2 45669
45729 2 45730
27508 9 45554
24508 25 45624
45731 2 45639
45732 2 45620
45733 16 45734
1194 18 45592
38402 11 45599
45735 21 45631
45736 19 45737
25521 19 45595
45738 2 45739
5494 24 45622
9301 2 45685
37476 5 45596
45740 7 45551
7690 2 45565
36280 20 45626
45741 9 45554
45742 6 45549
29477 14 45743
15253 10 45744
45745 22 45615
45746 20 45626
37058 5 45547
13840 5 45596
13674 16 45723
10546 29 45704
45747 0 45748
15060 2 45749
45750 10 45744
42890 21 45631
45751 2 45752
45753 2 45754
38949 2 45567
45755 5 45596
4357 12 45569
27643 4 45545
38867 2 45756
21707 2 45757
16849 10 45560
45758 2 45759
45760 20 45609
45761 4 45545
15167 2 45762
45763 16 45764
45765 16 45601
45766 4 45545
19169 8 45646
45767 8 45646
45768 16 45769
8026 2 45770
11735 1 45540
45771 16 45769
39156 0 45772
29943 4 45545
45773 9 45554
35994 14 45774
45775 9 45623
28360 2 45574
38116 16 45726
45776 0 45777
19758 12 45569
40337 19 45778
25028 4 45545
45779 23 45618
45780 20 45626
138 16 45601
11185 8 45552
45781 6 45549
42645 2 45782
45783 2 45784
45785 0 45786
12898 30 45787
3360 25 45624
24744 2 45788
45789 29 45704
9441 29 45704
45790 2 45574
26126 2 45788
45791 2 45685
45792 4 45545
22874 4 45793
7007 29 45704
12393 23 45794
493 2 45795
32314 2 45664
36641 16 45726
22689 29 45704
26124 2 45567
45796 20 45797
45798 31 45799
45800 9 45554
38374 12 45569
45801 2 45557
36192 0 45577
45802 2 45803
45804 2 45730
18825 19 45805
45806 20 45672
45807 2 45685
45808 2 45677
45809 16 45587
17544 10 45560
20256 20 45609
45810 2 45811
45812 22 45702
45813 21 45631
22453 18 45592
45814 0 45815
45816 2 45817
6482 25 45624
45818 2 45819
45820 14 45821
45822 4 45545
40845 1 45540
28745 11 45561
45823 20 45609
45824 0 45825
45826 2 45627
45827 0 45815
45828 2 45756
45829 0 45539
45830 2 45831
45832 25 45624
45833 2 45834
45835 0 45786
42418 28 45687
45836 16 45587
45837 2 45811
40633 0 45838
45839 0 45840
45841 2 45756
20422 25 45624
12689 6 45694
32803 21 45631
34108 0 45564
45842 13 45843
45844 9 45623
7123 2 45845
45846 2 45847
20474 1 45540
45848 20 45672
13112 10 45560
45849 2 45850
8147 15 45851
45852 16 45719
32117 9 45623
36557 20 45626
19927 2 45853
40234 16 45726
45854 25 45624
21728 2 45855
10189 2 45856
45857 2 45858
41328 3 45859
19667 22 45615
45860 2 45861
26934 2 45664
45862 2 45863
10519 27 45864
45865 2 45756
43541 6 45694
45866 2 45867
45868 2 45658
6831 0 45564
10973 0 45772
9673 2 45869
40476 16 45764
45870 2 45847
45871 2 45872
45873 0 45874
45875 0 45876
45877 2 45811
45878 20 45626
25289 13 45572
45879 13 45572
45880 4 45545
45881 2 45882
11982 5 45596
45883 16 45587
10750 2 45658
45884 16 45601
45885 0 45772
30012 7 45551
26842 1 45540
45886 25 45624
45887 0 45815
45888 2 45861
39979 2 45627
27894 5 45547
45889 4 45545
45890 2 45861
45891 4 45545
35022 4 45545
45892 2 45893
39317 13 45572
17529 2 45574
45894 9 45554
45895 2 45664
45896 0 45897
43562 14 45898
2420 1 45540
45899 1 45540
2304 1 45540
38812 5 45547
4667 5 45596
2524 6 45694
45900 5 45596
27575 31 45901
26628 9 45623
45902 21 45631
45903 15 45585
45904 20 45672
4636 5 45547
45905 0 45577
45906 2 45759
23718 20 45797
45907 2 45658
45908 16 45601
45909 2 45658
45910 16 45769
45911 2 45654
23182 9 45554
19889 2 45664
973 1 45540
45912 16 45601
45913 16 45587
45914 4 45545
45915 0 45916
17698 2 45917
21132 9 45554
4549 13 45572
45918 0 45919
45920 2 45921
27589 9 45922
1103 5 45547
45923 2 45567
12775 30 45787
45924 16 45719
38058 19 45633
15765 9 45554
45925 2 45926
5066 2 45669
31375 4 45545
42742 25 45927
45928 4 45545
4763 28 45687
45929 0 45930
45931 16 45587
45932 2 45933
45934 0 45539
12413 2 45664
45935 8 45646
45936 19 45604
45937 2 45938
26603 22 45702
45939 4 45545
36736 2 45677
45940 0 45577
25111 0 45930
45941 2 45942
45943 5 45596
45944 2 45567
2268 0 45838
22313 1 45540
16812 4 45545
45945 29 45704
45946 2 45947
45948 5 45596
34222 13 45572
39795 10 45560
33211 15 45585
40422 1 45540
24054 6 45694
35974 16 45769
45949 2 45574
45950 18 45592
45951 5 45547
34663 20 45626
45952 0 45772
2347 8 45646
31149 15 45585
45953 20 45679
45954 2 45955
45956 9 45623
31073 23 45618
15338 6 45549
39960 1 45540
2414 15 45585
45957 20 45626
45958 2 45567
45959 2 45574
45960 1 45540
45961 9 45554
45962 2 45963
45964 0 45711
45965 20 45966
45967 20 45626
15117 6 45694
27634 2 45968
35167 32 45969
24649 28 45970
45971 2 45972
45973 2 45974
45975 2 45976
45977 16 45587
45978 2 45869
3058 27 45979
45980 2 45981
45982 4 45545
45983 12 45579
12164 25 45927
43806 33 45984
45985 2 45986
45987 2 45641
25268 8 45646
4747 10 45560
45988 14 45821
45989 18 45592
36368 13 45572
45990 2 45991
45992 25 45624
45993 2 45994
42571 5 45547
14266 25 45624
12074 2 45995
28623 34 45996
45997 22 45615
45998 2 45819
7820 14 45581
9691 5 45547
26449 2 45947
27876 5 45596
40529 32 45999
27582 29 45704
3662 11 45561
25428 25 45697
46000 0 45897
46001 0 45577
46002 2 46003
41238 19 45595
46004 24 45622
11716 22 45702
46005 2 45685
46006 0 45772
46007 2 45567
21186 2 45819
46008 16 45769
45525 29 45704
46009 0 45825
46010 2 46011
40570 9 45554
46012 21 45631
31203 2 46013
27224 2 45968
46014 0 45577
23931 9 45554
11120 29 45704
46015 23 45794
46016 9 45554
31385 12 45569
46017 9 45554
46018 2 46019
39564 25 45927
3644 5 45547
24611 14 45648
46020 12 45579
46021 4 45545
46022 16 45726
46023 5 45547
46024 13 45572
5649 21 45613
46025 0 46026
46027 17 45590
46028 16 45723
17969 2 45685
45084 0 45577
30943 2 45691
13294 2 45567
46029 2 45666
46030 18 45592
46031 2 45850
4392 11 45599
46032 24 45622
15122 20 46033
46034 8 45552
2672 4 45545
1656 23 45618
27894 14 45648
46035 20 45797
34335 2 46036
46037 21 45613
46038 2 46039
4491 12 45579
46040 16 45726
19932 23 45618
26672 0 46041
46042 2 46043
46044 2 45658
46045 0 46046
28302 20 45626
46047 2 46048
46049 2 45759
19596 14 45648
42251 16 45769
46050 2 46051
46052 21 45631
11919 4 45545
46053 25 45624
20295 1 45540
15466 16 45769
46054 20 45797
46055 20 45626
46056 5 45596
31818 20 45609
27130 2 45754
42545 16 45723
46057 20 45626
46058 2 45995
46059 20 45679
31775 2 45567
3390 35 46060
22598 14 45821
46061 2 45567
46062 1 46063
23203 29 45704
281 20 45609
46064 2 46065
46066 12 46067
35891 4 45545
46068 21 45631
46069 2 45658
43300 23 45794
46070 0 46071
46072 2 45658
46073 2 46074
8080 18 45592
34536 6 45549
34814 17 45647
46075 2 46076
46077 2 46039
46078 16 45587
46079 12 45569
35580 16 45726
46080 0 46081
32089 1 45540
37483 20 45626
46082 16 45719
12571 16 45726
46083 9 45623
31664 18 45592
40940 11 45561
46084 16 45719
14049 0 45772
46085 4 45545
24190 27 45979
33563 0 45897
21191 2 46086
46087 16 45601
46088 2 46089
46090 20 46091
32041 25 45927
46092 16 46093
26759 13 45572
46094 2 46095
7574 5 45596
46096 4 45545
13241 2 45762
14591 16 45723
33335 20 46033
40083 15 45585
39397 25 45624
46097 2 45730
34341 2 45986
46098 0 45564
46099 2 46100
46101 16 45587
15646 22 45615
33816 15 45585
25796 20 45797
46102 16 45587
46103 25 45624
46104 9 45623
46105 1 45540
20545 21 45613
16194 25 45927
46106 0 45564
46107 34 45996
46108 2 45845
4121 2 46109
44323 18 45592
40482 19 45633
25721 2 45669
46110 16 45726
44545 4 45545
46111 20 45797
46112 2 46113
46114 22 45615
46115 0 46116
44830 4 45545
46117 2 45654
25496 4 45545
46118 2 46119
24811 15 45585
32505 1 45540
42169 2 46120
46121 6 45549
23990 1 45540
42239 8 45646
46122 16 45726
38934 2 45567
9943 10 45560
35998 19 46123
17812 20 45797
46124 2 45574
14882 2 46125
46126 18 45592
46127 2 46089
12073 8 45646
42806 23 45794
46128 0 45772
46129 0 46130
46131 20 45626
11860 25 45927
33486 6 45549
46132 2 46043
46133 0 45564
1086 0 45772
46134 2 46135
46136 9 45554
46137 4 45545
46138 2 45567
37999 24 45622
46139 20 46140
46141 16 45601
46142 1 46063
38423 22 45615
46143 20 45626
46144 0 46081
46145 20 45609
46146 2 45677
7015 9 45623
31418 2 46147
4527 17 45647
46148 25 45697
46149 2 45754
46150 18 46151
11384 25 45624
46152 20 45672
46153 4 45545
22894 0 46081
9142 2 45567
46154 10 45560
46155 20 45679
36036 18 45592
46156 20 45609
46157 2 46158
46159 0 45815
46160 13 45572
46161 2 45658
46162 2 45819
1671 18 45592
46163 2 45691
13528 14 45743
2121 18 45592
41292 25 45927
19093 2 46164
41484 0 45897
46165 2 45567
9450 21 45631
1689 9 45554
46166 2 45847
8930 22 45615
46167 16 45601
45965 16 45769
24963 5 45596
4726 16 46093
19295 10 45560
24527 22 45615
10488 2 46168
46169 2 46170
46171 2 46172
43851 5 45596
12786 0 45539
45790 16 46093
46173 12 45569
41730 11 45599
46174 20 45672
15748 24 45622
46175 2 45994
46176 2 45994
28462 23 45618
37395 2 45565
46177 22 45702
46178 2 45658
46179 1 45540
13289 2 46180
18507 2 45664
43260 28 45970
21820 2 45567
46181 13 45572
46182 20 45672
44261 2 46183
46184 20 45966
11380 2 46164
13563 1 45540
46185 2 45567
46186 2 45658
9237 25 45624
46187 4 45545
46188 20 45672
46189 2 45567
9954 16 45719
16566 29 46190
46191 2 46039
46192 15 45585
46193 14 46194
46195 16 45764
46196 21 45631
1606 4 45545
6148 2 45567
46197 2 45762
46198 2 45947
46199 2 46011
46200 20 45797
46201 2 46202
46203 1 46063
46204 12 45569
46205 4 45545
2062 36 46206
46207 4 45545
46208 2 46209
205 20 45626
46210 2 45639
46211 1 45540
46212 2 45567
46213 2 45606
46214 1 45540
26017 13 45843
46215 2 45567
31052 25 45624
46216 4 45793
38406 21 45631
38816 2 46217
21850 2 45664
16636 14 45898
31883 4 45545
46218 2 46219
25440 5 45596
26365 2 45567
38857 2 46051
17687 9 45623
43218 0 46220
46221 1 45540
21232 23 45794
46222 4 45545
11310 1 45540
46223 1 46063
6640 9 45623
46224 18 45592
4196 1 45540
4531 2 45650
36255 2 46225
29243 30 45787
46226 2 45730
46227 2 46228
42515 2 46229
46230 29 45704
46231 7 45551
36734 1 45540
19558 12 45569
46232 2 46233
46234 15 45585
46235 6 45694
9317 29 45704
46236 16 45764
46237 15 45585
29940 16 45769
46238 24 45622
2841 5 45547
41499 5 45596
28215 14 45648
46239 2 46100
46240 20 45609
17330 2 45567
33518 2 45606
37367 5 45596
4773 9 45623
43170 22 45615
34787 2 45994
43387 2 46241
45232 19 45595
8864 19 45633
43269 6 45694
46242 16 45587
19795 8 45646
12094 10 45560
10777 19 45633
24144 20 46033
14907 19 45604
46243 2 46043
29000 9 45922
46244 13 45572
46245 4 45545
46246 2 45574
8778 11 45599
45376 2 45567
46247 21 45631
7614 13 45572
46248 0 46081
46249 1 45540
27376 28 45687
18158 12 45569
2440 2 46250
28244 2 45567
46251 2 45557
20583 0 45772
7298 11 45599
46252 0 46253
12794 16 45587
16044 6 45549
46254 0 45825
101 22 45615
5573 23 45618
46255 13 45572
46256 2 45567
46257 2 46258
46259 2 46260
46261 20 46033
46262 21 45631
15907 12 45579
5215 2 45762
46263 2 45669
46264 15 45585
28693 5 45547
46265 16 45769
21767 9 45922
46266 2 46267
46268 20 45626
26543 1 45540
46269 9 45554
46270 16 46093
46271 4 45545
46272 2 46273
16105 2 46274
7346 14 45898
46275 2 46276
25452 6 45549
43316 22 45615
42324 2 45641
14557 8 45552
25181 4 45545
42913 2 45685
46277 20 46033
46278 16 45587
46279 20 45626
46280 0 46081
46281 16 45587
46282 16 46093
46283 21 45631
17068 15 45585
46284 33 45984
24116 1 46063
46285 20 45672
16410 1 46063
3828 23 45618
6911 25 45927
46286 20 45626
46287 2 45759
46288 4 45545
3938 29 45704
46289 10 45560
46290 25 45624
18676 33 45984
46291 26 46292
46293 1 45540
23 2 45762
46294 2 45685
46295 2 46273
46296 14 45821
46297 7 45551
46298 2 45713
22022 23 45618
15291 2 45567
20383 9 45554
46299 2 45762
46300 16 46093
4080 2 46273
46301 22 45615
36550 32 45999
46302 25 45624
46303 18 45592
46304 18 45592
46305 23 45794
46306 0 45564
46307 8 45552
38854 3 45544
27485 0 45564
46308 2 46309
46310 18 45592
37799 5 45596
765 14 45648
46311 2 45869
46312 15 45585
32323 25 45927
46313 2 46011
29967 18 45592
39317 5 45547
46314 2 46315
30619 22 45615
46316 2 45574
46317 2 45756
46318 2 46319
14888 2 45788
46320 16 45587
28334 19 46321
15672 9 45623
46322 16 45587
46323 20 46091
13661 11 45561
39354 10 45560
42167 0 45838
46324 2 46325
46326 2 45762
17839 5 45547
46327 34 45996
8265 5 45547
21087 32 45999
46328 20 45797
25179 25 45624
1244 2 46329
46330 4 45545
46331 1 46063
46332 1 45540
46333 32 45969
46334 20 45626
46335 0 46336
46337 25 45927
19556 15 45585
41857 0 45539
41219 32 45999
46338 7 45717
46339 16 45601
46340 21 45631
44666 20 45672
46341 20 45626
46342 7 45717
6639 4 45545
46343 2 46158
46344 2 45664
39972 2 45567
31712 2 45567
46345 20 46033
2053 8 45552
27828 2 45986
46346 2 45861
46347 16 45719
46348 16 46093
46349 12 45579
46350 8 45552
46351 16 45769
46352 2 46353
39913 19 45737
46354 2 46051
44804 2 45664
37622 12 45579
25232 14 45821
17984 1 46063
46355 20 45626
23393 18 45592
46356 0 45564
46357 1 45540
46358 14 45821
46359 13 45843
14919 20 46033
20774 2 45567
46360 2 45976
5831 20 45797
13524 17 45647
46361 16 45726
33384 20 46033
46362 20 46140
7209 2 45752
46363 2 45986
15812 2 46364
21953 18 45592
46365 29 45704
96 9 45623
37011 11 45561
44933 25 45927
25069 19 45595
25880 16 45764
28737 12 46067
26957 8 45646
46366 20 45797
46367 2 46250
16340 30 46368
46369 2 46370
46371 0 45772
46372 13 45572
46373 9 45554
46374 2 45567
7580 36 46206
46375 2 46376
46377 4 45545
46378 20 45672
19083 4 45545
46379 2 45986
4489 6 45694
46380 0 45772
11897 19 45604
4938 2 45685
31355 1 45540
19696 18 45592
46381 2 45819
46382 20 45797
46383 2 45574
34068 4 45545
46384 15 45585
46385 16 45726
7983 13 45572
46386 34 45996
46387 7 45717
19469 25 45697
46388 0 45577
707 5 45596
46389 0 45577
1468 0 46081
27221 2 45567
46390 22 45615
46391 2 46392
46393 16 45587
36261 21 45631
18716 2 46394
20821 15 45585
18223 25 45624
46395 9 45554
46396 2 45611
46397 10 45744
4377 5 45596
46398 4 45793
6066 2 45567
46399 10 45560
40348 22 45615
46400 2 46401
40979 7 45551
31369 10 45560
46402 20 45966
46403 0 46404
46405 2 46273
46406 20 45609
46407 15 45585
40434 16 45769
46408 12 45569
46409 2 46410
26868 11 45599
46411 10 45560
7489 2 45788
3876 12 45569
29025 20 46140
46412 20 45672
40309 8 45552
46413 2 45685
46414 14 45821
23327 2 46076
46415 30 45787
46416 2 46417
33457 2 45847
33628 2 45847
42192 25 45697
46418 25 45624
38843 25 45697
11399 4 45545
36024 29 46190
46419 2 45658
40035 12 45579
46420 0 45564
8888 15 45585
3829 12 45569
46421 2 45606
11718 20 46033
38237 25 45624
46422 20 45609
46423 2 45756
39419 2 45669
17508 2 45869
46424 2 45664
27075 2 46425
46426 2 46051
46427 2 46428
46429 23 45618
33065 25 45697
25895 16 45587
44355 2 45567
46430 23 45618
42485 37 46431
46432 9 45554
46433 2 45575
46434 2 45685
46435 2 45986
46436 2 45696
46437 20 45609
20190 22 45615
46438 20 46091
46439 2 45574
39688 1 46063
46440 0 46441
46442 2 46443
25287 1 46063
46444 2 45669
28269 2 45606
46445 2 45856
36871 0 46446
46447 2 45664
46448 4 45545
21041 20 45797
15449 15 45585
46449 2 45567
16507 9 45554
45091 10 45560
46450 2 46451
46452 8 45552
46453 21 45631
5949 13 45572
46454 16 45769
46455 2 45620
46456 20 45626
46457 20 45679
46458 2 45759
26667 16 45726
46459 6 45694
4711 20 45626
41834 1 45540
46460 15 45585
46461 2 45658
40705 16 45726
22259 13 45572
46462 20 45609
46463 2 46464
46465 18 45592
9142 25 45927
14263 11 45599
42783 2 46233
46466 2 46051
34805 14 45581
704 18 45592
37369 0 46467
46468 34 45996
46469 2 45685
5491 2 45921
46470 0 46471
46472 0 45577
14792 9 45554
33086 22 45702
4807 4 45545
46473 29 45704
37083 0 45711
35821 2 45917
46474 2 45575
44630 2 45565
25038 11 45561
46475 2 45819
46476 4 45545
46477 2 45685
46478 10 45744
31658 4 45545
1079 2 45565
46479 2 46480
46481 2 46273
46482 15 45585
46483 3 45544
34424 2 45669
46484 0 45838
46485 2 46486
46487 24 45622
30244 21 45631
46488 16 45769
46489 0 46490
46491 18 45592
22043 18 45592
46492 1 45540
46493 16 46494
26262 1 45540
46495 2 46496
108 16 45601
24378 25 45624
46497 29 45704
41852 14 45648
17447 2 45575
31342 32 45999
46498 4 45545
33528 14 45821
12982 23 45618
13648 2 45567
46499 2 46209
3814 13 45572
46500 2 46241
46501 7 45551
38909 18 45592
46502 22 45615
40698 9 45554
10868 13 45572
19431 1 45540
45659 2 46503
46504 4 45545
46505 20 45679
20812 12 46506
46507 12 45569
46508 4 45793
41652 23 45618
17011 0 45838
46509 10 45560
46510 5 45596
46511 19 45604
42590 0 46041
40881 0 45772
46512 0 45772
46513 4 45545
46514 16 45598
32605 23 45794
11169 19 46515
24847 2 46516
14836 2 45567
46517 20 45609
46518 2 45620
2707 0 45564
3141 10 45560
8922 19 45633
24269 2 45650
46519 22 45615
46520 14 45821
2530 1 45540
21417 2 45847
46521 16 45723
46522 20 46033
46523 2 45654
44299 2 46524
46525 2 45938
40967 6 45549
12240 2 45882
46526 2 45658
531 0 45786
46527 9 45554
46528 16 45726
29489 19 45633
46529 2 46013
40106 16 45764
46530 0 45564
46531 20 45672
41893 0 45838
46532 21 45631
46533 0 46534
11244 18 45592
38906 1 46063
30896 11 45599
46535 20 45626
5325 9 45554
46536 16 45726
46537 1 45540
16419 20 45609
46538 0 45772
3176 2 45567
36727 20 45679
46539 2 46113
46540 2 45986
46541 2 45574
17452 5 45547
46542 2 46233
2258 35 46543
16551 11 45599
46544 2 45756
46545 20 45679
22571 2 45685
35021 8 45646
46546 20 45609
24408 2 45567
46547 7 45717
46548 21 45631
46549 21 45613
40073 12 45569
46550 20 45797
46551 10 45560
46552 25 45927
46553 2 46158
46554 16 45587
33228 15 45585
24311 6 45694
5583 9 45623
27003 1 45540
46555 7 45551
9555 23 45618
46556 13 45572
46557 0 46558
46559 2 46560
46561 2 46562
24502 1 45540
46563 2 45666
46564 16 45587
46565 19 46566
46567 2 45677
783 0 46568
35448 20 45609
37219 2 45574
26029 4 45545
17079 2 46569
15751 2 46570
46571 20 45609
46572 2 46074
26495 19 45604
46573 8 45552
35244 12 45569
30159 1 45540
46574 2 45685
20495 16 45764
46575 2 46576
16350 2 45685
5336 19 45633
11432 16 46093
39988 2 45685
46577 20 45672
46578 0 45564
46579 2 46580
30654 12 45569
46581 13 45572
26574 4 45545
46582 20 45672
46583 2 45869
46584 2 45567
46585 2 45756
8310 16 45726
9103 12 45569
46586 0 46587
9156 18 45592
42419 2 46158
23581 22 45702
14674 16 45769
46588 7 45717
46589 16 45587
46590 20 45672
6355 12 45569
36455 10 45560
5109 18 45592
34578 9 45922
4745 2 45565
46591 20 45679
24609 1 45540
46592 2 46593
46594 0 45838
46595 2 46596
46597 4 45545
46598 13 45572
19264 16 45769
46599 20 45797
46600 16 45587
46601 34 46602
46603 1 46063
18526 1 46063
27368 20 45609
46604 2 46605
40274 20 45626
17719 20 46033
46606 20 45966
1014 5 45547
32681 2 46180
46607 4 45545
25982 2 45685
18746 4 45545
46608 16 45601
46609 2 46610
46611 7 45551
46612 24 45622
21245 2 46613
46614 2 46613
21951 16 45769
11745 4 45545
46615 0 45711
46616 22 45615
46617 0 46618
6656 20 45626
33124 0 46041
46619 0 45772
46620 7 45717
29906 6 45694
46621 1 45540
15332 2 45685
46622 4 45545
46623 2 45872
46624 7 45717
45038 5 45596
14929 6 45694
46625 0 45577
46626 21 45631
46627 0 46628
15413 14 45648
46629 8 45552
46630 5 45596
46631 2 46632
46633 20 46033
46634 8 45552
46635 0 45772
12914 16 45719
38436 16 45719
4157 25 45927
13726 2 45856
46636 25 45624
46637 18 45592
46638 16 45726
46639 4 45545
18118 20 45609
46640 16 45587
30067 1 45540
46641 13 45843
11458 4 45545
669 9 45554
34464 19 45633
46642 8 45552
4245 5 45596
19257 12 46067
7740 4 45545
46643 21 45631
46644 2 45685
46645 29 45704
44658 0 46646
9922 25 45927
9051 2 46647
34810 16 45587
46648 0 45825
6201 6 45549
46649 6 45694
8419 0 45564
46650 9 45623
46651 16 45587
25600 2 45819
12057 25 45927
23875 24 45622
13871 16 45734
46652 21 45631
37914 16 45769
2939 16 45769
46653 2 45856
46654 4 45545
46655 2 46656
46657 2 46443
46658 15 45585
46659 0 45577
46660 20 45626
2907 2 46051
20170 2 45677
46661 2 45567
28382 8 45552
23551 2 45677
21660 12 45569
46662 2 45811
46663 20 45626
46664 9 45554
34871 13 45843
46665 2 46666
46667 1 45540
46668 6 45694
11916 14 45581
44468 10 45560
46669 9 45554
2484 0 46336
19199 20 45609
17310 4 45545
44024 18 45592
26623 15 45585
46670 30 46368
12914 6 45694
4785 2 46394
35266 20 45626
26020 9 45554
9564 18 46151
5 16 45601
19769 6 45549
46671 20 45626
12110 2 45664
46672 16 45601
22133 2 45669
25268 13 45572
10191 2 46095
46673 16 45769
1086 14 45898
24983 17 45647
35975 9 45554
46674 16 45769
46675 18 45592
39719 6 45694
46676 10 45560
46677 5 45596
41013 2 45664
46678 2 45981
46679 18 45592
46680 20 46033
46681 2 45685
46682 2 46683
46684 20 45626
8480 16 45601
4015 20 45626
19166 2 46685
14144 20 45609
35916 5 45596
23568 2 45664
27344 2 46516
20060 2 45567
27441 13 45843
46686 2 45754
46687 16 45769
46688 2 45639
46689 2 46170
46690 4 45545
46691 2 46692
46693 9 46694
46695 2 45677
46696 11 45561
1564 0 45838
46697 20 45672
46698 0 46699
32915 1 45540
43750 16 45587
41955 25 45697
11905 9 45554
46700 2 45762
14915 2 45893
46701 14 45821
46702 9 45554
23459 29 45704
46703 4 45545
39043 5 45547
46704 0 45815
25777 2 45565
38379 2 46705
46706 2 46043
46707 2 45759
46708 5 45596
29369 1 45540
46709 22 45615
46710 2 46711
46712 2 45788
25690 21 45631
46713 14 45821
42424 2 46714
46715 13 45572
46716 2 45850
15153 10 45744
16670 7 45551
46717 4 45545
30943 2 46209
24332 23 45618
33526 0 45564
10715 0 45564
46718 29 45704
46719 2 45639
46720 2 46721
46722 2 45756
46723 2 45639
39244 1 45540
46724 2 45713
13 2 45567
46725 2 45641
43073 8 45552
22391 20 45797
13287 2 46726
46727 16 45587
27101 21 45631
46728 0 46404
46729 0 45772
46730 2 45620
46731 34 45996
18894 2 45606
46732 20 45797
46733 2 45620
37068 2 46734
46735 20 45966
46736 29 45704
44582 14 45683
46737 25 45624
46738 2 45850
46739 2 45811
16076 5 45596
44076 16 45726
8010 0 45539
23303 22 45702
46740 4 45545
2010 19 46741
12207 29 45704
22792 2 45658
33138 10 45560
7130 9 45554
46742 16 45726
7809 6 45549
43915 6 45549
37600 4 45545
46743 2 45917
46744 20 45672
46745 19 45737
46746 2 45850
46747 2 45557
46748 16 45769
8191 0 45897
12632 5 45547
45495 2 45567
46749 2 45685
46750 2 45685
46751 9 45623
46752 8 45552
46753 9 45554
46754 0 46755
46756 2 46757
46758 2 46759
46760 1 46063
1678 2 46761
46762 1 45540
19336 4 45545
46318 4 45545
8043 11 45599
46763 2 45858
16511 33 45984
46764 17 45647
46765 2 45730
46766 20 45626
46767 2 46768
29698 2 45664
18468 15 45585
46769 2 45724
46770 2 45639
46771 9 45554
10238 23 45794
46772 5 45596
15541 25 45624
5718 2 45567
2823 14 45648
46773 11 45599
32559 20 45626
40128 6 45694
26467 9 45554
23966 22 45615
46774 16 45764
31522 2 46775
46776 9 45554
46777 2 45685
2210 10 45560
23096 4 45545
29797 2 46503
46778 2 46779
46780 20 45966
3635 2 45762
46781 2 45756
7489 16 45734
46782 22 45615
7428 16 45587
21360 22 45615
46783 2 45850
1443 16 45587
46784 2 45685
7150 20 46033
46785 20 45966
24519 22 45702
31386 4 45545
46786 2 46787
46788 2 45685
46789 2 46076
46790 0 46471
46213 2 46076
5985 2 45968
34969 2 46791
19459 20 45609
46792 0 45539
699 2 45994
46793 22 45615
46794 4 45545
948 9 45554
46795 0 46796
9892 21 45631
45684 2 45658
41236 2 45669
24531 10 45560
45498 2 46113
46797 10 45744
34313 14 45821
4803 2 45641
46798 22 45702
40375 25 45927
46799 0 45772
17984 16 45726
46800 11 45599
20306 21 45631
46801 2 46802
29277 2 46803
28282 21 45613
46804 29 46190
46805 2 45606
46806 2 46807
29737 23 45618
46808 0 45711
46809 2 45677
34246 20 45672
46810 2 46811
46812 0 45564
6640 11 45599
16803 12 45569
46813 9 45922
46814 2 45664
46815 2 46816
46817 1 45540
2035 6 45694
46818 2 45620
27546 2 45685
42989 29 46190
46819 18 45592
17454 23 45618
650 16 45726
46820 2 46011
46821 12 45569
17171 5 45596
46822 2 46823
38106 2 45685
20135 4 45545
13604 19 45595
46824 4 45545
97 14 45683
46825 2 45620
5643 2 45627
42760 27 45979
27955 23 45618
46826 17 45647
26596 10 45560
16528 31 46827
46828 0 45577
36780 2 45759
12298 17 45590
27181 19 45737
46829 2 46830
44128 2 45606
33153 14 45581
46831 2 45641
27836 21 45631
46832 16 45726
19780 0 45777
46833 20 45672
46834 2 45627
46835 2 45574
46836 2 46837
5601 21 45631
38224 23 45794
40162 19 46838
20851 19 45633
46839 7 45551
46840 2 45819
11533 2 45685
9681 2 45893
8655 11 45561
26159 16 45587
46841 16 45587
15800 8 45646
5231 4 45545
11728 23 45618
46842 2 46843
285 10 45560
21743 25 45624
19477 11 45599
46844 16 45587
17318 14 45821
44948 2 45669
46845 22 45702
27257 6 45549
34795 8 45552
40860 5 45596
46846 20 45672
46847 10 45560
46848 30 46368
15827 2 45664
46849 2 45575
46850 2 45669
46851 2 46852
46853 9 46694
30607 16 45726
8782 13 45572
46854 2 45947
46855 22 45615
46856 9 45554
13259 18 45592
46857 7 45717
46858 2 46859
46860 20 46033
46861 20 45609
46862 2 45685
46863 14 45821
94 6 45549
9293 2 45882
19875 2 46051
1575 36 46206
5752 2 45567
46864 2 45850
46865 4 45545
44813 20 46033
9794 23 45618
46866 2 45641
3665 18 45592
46867 7 45551
46868 2 46869
46870 20 45626
22227 8 45646
46871 2 46443
388 13 45572
39954 20 45966
10790 2 46043
46872 2 45730
46873 28 45970
46874 20 45626
42591 20 45797
46875 2 46876
46877 2 46451
46878 2 46879
37383 2 46775
46880 15 45585
8394 21 45631
11169 12 45569
46881 2 46882
46883 4 45545
34768 16 45719
46884 20 45672
46885 16 45726
46886 0 45711
46887 2 45658
46888 0 45564
46889 7 45717
46890 2 46428
17519 2 45567
1820 14 45821
46891 5 45547
46892 10 45744
16700 18 45592
45122 13 45572
551 23 45618
5982 25 45697
39201 16 45587
28690 18 45592
21517 18 45592
46893 20 45672
46894 4 45545
19630 17 45590
46895 2 45730
46896 2 45882
46897 21 45631
46898 0 45577
40809 2 45756
23868 2 46899
1667 10 45560
23458 20 45609
32727 1 45540
42691 9 45922
27355 0 46900
46901 0 45539
46902 18 45592
46903 0 45772
28426 2 45762
23416 4 45545
12577 21 45613
45366 7 45717
46904 4 45545
46905 25 45927
31667 1 46063
330 22 45615
45194 20 45609
46906 16 45769
46907 2 45658
254 16 45601
32752 16 45587
46908 4 45545
46909 17 45647
46910 21 45631
6074 1 45540
3169 11 45599
21106 18 45592
46911 2 45819
46912 2 45567
8211 4 45545
3601 0 46336
46913 16 46093
46914 21 45631
46915 9 45623
18695 15 45585
46916 20 45797
46917 1 45540
46918 16 45587
19631 15 45585
3617 15 45585
46919 13 45572
24448 12 45569
46920 16 45587
26596 19 46921
2870 11 45599
25941 13 45572
46922 17 45590
3367 13 45572
46923 2 45819
46924 4 45545
46925 2 46241
46926 1 45540
13684 27 46927
46928 0 46041
46929 2 45639
46930 2 45853
46931 2 46932
46933 16 45726
46934 18 45592
35725 2 46043
46935 2 45627
26480 29 45704
46936 20 46033
32937 2 45639
46937 2 46051
1632 2 45567
46938 1 45540
46939 2 45567
46940 23 45618
8067 8 45552
6311 29 45704
46941 21 45631
46942 10 45744
9062 13 45572
26515 0 45564
46943 2 45853
46944 21 45631
46945 10 45560
22531 35 46543
33317 2 45574
46946 2 46503
46947 0 45539
46948 16 45587
46949 2 45677
46950 2 45669
37767 5 45547
46951 7 45551
46952 20 45609
17614 19 46566
1199 16 46093
17282 21 45631
37012 2 46274
46953 9 45922
46954 2 45567
46955 18 46151
30989 16 45764
14248 4 45545
46956 0 45564
15264 14 45648
