45538 0 45539
32041 1 45540
45541 2 45542
45543 3 45544
20997 4 45545
45546 5 45547
45548 6 45549
45550 7 45551
34167 8 45552
45553 9 45554
45555 4 45545
45556 2 45557
15974 2 45558
45559 10 45560
10608 11 45561
45562 4 45545
45563 0 45564
8696 2 45565
38793 2 45566
3876 2 45567
29259 10 45560
45568 12 45569
45570 2 45565
33519 2 45571
2966 13 45572
45573 2 45574
32481 2 45575
45576 0 45577
371 13 45572
45578 12 45579
45580 4 45545
4090 14 45581
33931 12 45579
45582 2 45583
45584 15 45585
45586 16 45587
18023 4 45545
45588 16 45587
45589 17 45590
26276 2 45567
45591 5 45547
41640 18 45592
45593 0 45594
24362 19 45595
5949 12 45569
12669 5 45596
45597 16 45598
18539 11 45599
45600 16 45601
45602 5 45596
45603 19 45604
45605 2 45606
45607 16 45587
45608 20 45609
45610 2 45611
45612 21 45613
45614 22 45615
45616 7 45551
45617 4 45545
5198 20 45609
35119 23 45618
45619 2 45620
45621 24 45622
7746 9 45623
6072 25 45624
45625 1 45540
8199 20 45626
29580 2 45627
45628 2 45629
1885 19 45630
2911 21 45631
45632 5 45596
11947 19 45633
45634 2 45635
45636 2 45574
41178 2 45637
45638 2 45639
45640 6 45549
18681 2 45641
45642 4 45545
45643 2 45644
45645 1 45540
28309 8 45646
1498 9 45554
8591 17 45647
19517 14 45648
39829 26 45649
23630 1 45540
21231 2 45650
45651 20 45626
45652 20 45626
45653 20 45626
9264 2 45654
45655 2 45656
45657 2 45658
45659 1 45540
45660 2 45661
2877 9 45554
45662 2 45641
45663 2 45664
45665 16 45587
14657 2 45666
45667 21 45631
15053 20 45626
14328 6 45549
21955 18 45592
4468 27 45668
31708 2 45669
12799 17 45647
45670 0 45564
45671 20 45672
45673 2 45674
45675 1 45540
45676 2 45677
45678 20 45679
45680 2 45681
45682 14 45683
45684 2 45685
45686 28 45687
45688 2 45689
45690 2 45691
45692 2 45693
7554 6 45694
23534 6 45549
45695 2 45696
16889 25 45697
45698 16 45601
13992 14 45699
45700 4 45545
45701 2 45685
31039 22 45615
20003 22 45702
45703 16 45587
19455 2 45627
4619 5 45547
27284 15 45585
21252 29 45704
7960 2 45627
45705 19 45595
45706 1 45540
45707 12 45569
16499 2 45567
45708 2 45709
45710 0 45564
41033 0 45711
45712 2 45713
45714 2 45715
45716 7 45717
45718 16 45719
45720 2 45721
45722 16 45723
13972 2 45724
45725 16 45726
45727 10 45560
45728 2 45685
525 28 45687
20272 2 45669
45729 2 45730
27508 9 45554
24508 25 45624
45731 2 45639
45732 2 45620
45733 16 45734
1194 18 45592
38402 11 45599
45735 21 45631
45736 19 45737
25521 19 45595
45738 2 45739
5494 24 45622
9301 2 45685
37476 5 45596
45740 7 45551
7690 2 45565
36280 20 45626
45741 9 45554
45742 6 45549
29477 14 45743
15253 10 45744
45745 22 45615
45746 20 45626
37058 5 45547
13840 5 45596
13674 16 45723
10546 29 45704
45747 0 45748
15060 2 45749
45750 10 45744
42890 21 45631
45751 2 45752
45753 2 45754
38949 2 45567
45755 5 45596
4357 12 45569
27643 4 45545
38867 2 45756
21707 2 45757
16849 10 45560
45758 2 45759
45760 20 45609
45761 4 45545
15167 2 45762
45763 16 45764
45765 16 45601
45766 4 45545
19169 8 45646
45767 8 45646
45768 16 45769
8026 2 45770
11735 1 45540
45771 16 45769
39156 0 45772
29943 4 45545
45773 9 45554
35994 14 45774
45775 9 45623
28360 2 45574
38116 16 45726
45776 0 45777
19758 12 45569
40337 19 45778
25028 4 45545
45779 23 45618
45780 20 45626
138 16 45601
11185 8 45552
45781 6 45549
42645 2 45782
45783 2 45784
45785 0 45786
12898 30 45787
3360 25 45624
24744 2 45788
45789 29 45704
9441 29 45704
45790 2 45574
26126 2 45788
45791 2 45685
45792 4 45545
22874 4 45793
7007 29 45704
12393 23 45794
493 2 45795
32314 2 45664
36641 16 45726
22689 29 45704
26124 2 45567
45796 20 45797
45798 31 45799
45800 9 45554
38374 12 45569
45801 2 45557
36192 0 45577
45802 2 45803
45804 2 45730
18825 19 45805
45806 20 45672
45807 2 45685
45808 2 45677
45809 16 45587
17544 10 45560
20256 20 45609
45810 2 45811
45812 22 45702
45813 21 45631
22453 18 45592
45814 0 45815
45816 2 45817
6482 25 45624
45818 2 45819
45820 14 45821
45822 4 45545
40845 1 45540
28745 11 45561
45823 20 45609
45824 0 45825
45826 2 45627
45827 0 45815
45828 2 45756
45829 0 45539
45830 2 45831
45832 25 45624
45833 2 45834
45835 0 45786
42418 28 45687
45836 16 45587
45837 2 45811
40633 0 45838
45839 0 45840
45841 2 45756
20422 25 45624
12689 6 45694
32803 21 45631
34108 0 45564
45842 13 45843
45844 9 45623
7123 2 45845
45846 2 45847
20474 1 45540
45848 20 45672
13112 10 45560
45849 2 45850
8147 15 45851
45852 16 45719
32117 9 45623
36557 20 45626
19927 2 45853
40234 16 45726
45854 25 45624
21728 2 45855
10189 2 45856
45857 2 45858
41328 3 45859
19667 22 45615
45860 2 45861
26934 2 45664
45862 2 45863
10519 27 45864
45865 2 45756
43541 6 45694
45866 2 45867
45868 2 45658
6831 0 45564
10973 0 45772
9673 2 45869
40476 16 45764
45870 2 45847
45871 2 45872
45873 0 45874
45875 0 45876
45877 2 45811
45878 20 45626
25289 13 45572
45879 13 45572
45880 4 45545
45881 2 45882
11982 5 45596
45883 16 45587
10750 2 45658
45884 16 45601
45885 0 45772
30012 7 45551
26842 1 45540
45886 25 45624
45887 0 45815
45888 2 45861
39979 2 45627
27894 5 45547
45889 4 45545
45890 2 45861
45891 4 45545
35022 4 45545
45892 2 45893
39317 13 45572
17529 2 45574
45894 9 45554
45895 2 45664
45896 0 45897
43562 14 45898
2420 1 45540
45899 1 45540
2304 1 45540
38812 5 45547
4667 5 45596
2524 6 45694
45900 5 45596
27575 31 45901
26628 9 45623
45902 21 45631
45903 15 45585
45904 20 45672
4636 5 45547
45905 0 45577
45906 2 45759
23718 20 45797
45907 2 45658
45908 16 45601
45909 2 45658
45910 16 45769
45911 2 45654
23182 9 45554
19889 2 45664
973 1 45540
45912 16 45601
45913 16 45587
45914 4 45545
45915 0 45916
17698 2 45917
21132 9 45554
4549 13 45572
45918 0 45919
45920 2 45921
27589 9 45922
1103 5 45547
45923 2 45567
12775 30 45787
45924 16 45719
38058 19 45633
15765 9 45554
45925 2 45926
5066 2 45669
31375 4 45545
42742 25 45927
45928 4 45545
4763 28 45687
45929 0 45930
45931 16 45587
45932 2 45933
45934 0 45539
12413 2 45664
45935 8 45646
45936 19 45604
45937 2 45938
26603 22 45702
45939 4 45545
36736 2 45677
45940 0 45577
25111 0 45930
45941 2 45942
45943 5 45596
45944 2 45567
2268 0 45838
22313 1 45540
16812 4 45545
45945 29 45704
45946 2 45947
45948 5 45596
34222 13 45572
39795 10 45560
33211 15 45585
40422 1 45540
24054 6 45694
35974 16 45769
45949 2 45574
45950 18 45592
45951 5 45547
34663 20 45626
45952 0 45772
2347 8 45646
31149 15 45585
45953 20 45679
45954 2 45955
45956 9 45623
31073 23 45618
15338 6 45549
39960 1 45540
2414 15 45585
45957 20 45626
45958 2 45567
45959 2 45574
45960 1 45540
45961 9 45554
45962 2 45963
45964 0 45711
45965 20 45966
45967 20 45626
15117 6 45694
27634 2 45968
35167 32 45969
24649 28 45970
45971 2 45972
45973 2 45974
45975 2 45976
45977 16 45587
45978 2 45869
3058 27 45979
45980 2 45981
45982 4 45545
45983 12 45579
12164 25 45927
43806 33 45984
45985 2 45986
45987 2 45641
25268 8 45646
4747 10 45560
45988 14 45821
45989 18 45592
36368 13 45572
45990 2 45991
45992 25 45624
45993 2 45994
42571 5 45547
14266 25 45624
12074 2 45995
28623 34 45996
45997 22 45615
45998 2 45819
7820 14 45581
9691 5 45547
26449 2 45947
27876 5 45596
40529 32 45999
27582 29 45704
3662 11 45561
25428 25 45697
46000 0 45897
46001 0 45577
46002 2 46003
41238 19 45595
46004 24 45622
11716 22 45702
46005 2 45685
46006 0 45772
46007 2 45567
21186 2 45819
46008 16 45769
45525 29 45704
46009 0 45825
46010 2 46011
40570 9 45554
46012 21 45631
31203 2 46013
27224 2 45968
46014 0 45577
23931 9 45554
11120 29 45704
46015 23 45794
46016 9 45554
31385 12 45569
46017 9 45554
46018 2 46019
39564 25 45927
3644 5 45547
24611 14 45648
46020 12 45579
46021 4 45545
46022 16 45726
46023 5 45547
46024 13 45572
5649 21 45613
46025 0 46026
46027 17 45590
46028 16 45723
17969 2 45685
45084 0 45577
30943 2 45691
13294 2 45567
46029 2 45666
46030 18 45592
46031 2 45850
4392 11 45599
46032 24 45622
15122 20 46033
46034 8 45552
2672 4 45545
1656 23 45618
27894 14 45648
46035 20 45797
34335 2 46036
46037 21 45613
46038 2 46039
4491 12 45579
46040 16 45726
19932 23 45618
26672 0 46041
46042 2 46043
46044 2 45658
46045 0 46046
28302 20 45626
46047 2 46048
46049 2 45759
19596 14 45648
42251 16 45769
46050 2 46051
46052 21 45631
11919 4 45545
46053 25 45624
20295 1 45540
15466 16 45769
46054 20 45797
46055 20 45626
46056 5 45596
31818 20 45609
27130 2 45754
42545 16 45723
46057 20 45626
46058 2 45995
46059 20 45679
31775 2 45567
3390 35 46060
22598 14 45821
46061 2 45567
46062 1 46063
23203 29 45704
281 20 45609
46064 2 46065
46066 12 46067
35891 4 45545
46068 21 45631
46069 2 45658
43300 23 45794
46070 0 46071
46072 2 45658
46073 2 46074
8080 18 45592
34536 6 45549
34814 17 45647
46075 2 46076
46077 2 46039
46078 16 45587
46079 12 45569
35580 16 45726
46080 0 46081
32089 1 45540
37483 20 45626
46082 16 45719
12571 16 45726
46083 9 45623
31664 18 45592
40940 11 45561
46084 16 45719
14049 0 45772
46085 4 45545
24190 27 45979
33563 0 45897
21191 2 46086
46087 16 45601
46088 2 46089
46090 20 46091
32041 25 45927
46092 16 46093
26759 13 45572
46094 2 46095
7574 5 45596
46096 4 45545
13241 2 45762
14591 16 45723
33335 20 46033
40083 15 45585
39397 25 45624
46097 2 45730
34341 2 45986
46098 0 45564
46099 2 46100
46101 16 45587
15646 22 45615
33816 15 45585
25796 20 45797
46102 16 45587
46103 25 45624
46104 9 45623
46105 1 45540
20545 21 45613
16194 25 45927
46106 0 45564
46107 34 45996
46108 2 45845
4121 2 46109
44323 18 45592
40482 19 45633
25721 2 45669
46110 16 45726
44545 4 45545
46111 20 45797
46112 2 46113
46114 22 45615
46115 0 46116
44830 4 45545
46117 2 45654
25496 4 45545
46118 2 46119
24811 15 45585
32505 1 45540
42169 2 46120
46121 6 45549
23990 1 45540
42239 8 45646
46122 16 45726
38934 2 45567
9943 10 45560
35998 19 46123
17812 20 45797
46124 2 45574
14882 2 46125
46126 18 45592
46127 2 46089
12073 8 45646
42806 23 45794
46128 0 45772
46129 0 46130
46131 20 45626
11860 25 45927
33486 6 45549
46132 2 46043
46133 0 45564
1086 0 45772
46134 2 46135
46136 9 45554
46137 4 45545
46138 2 45567
37999 24 45622
46139 20 46140
46141 16 45601
46142 1 46063
38423 22 45615
46143 20 45626
46144 0 46081
46145 20 45609
46146 2 45677
7015 9 45623
31418 2 46147
4527 17 45647
46148 25 45697
46149 2 45754
46150 18 46151
11384 25 45624
46152 20 45672
46153 4 45545
22894 0 46081
9142 2 45567
46154 10 45560
46155 20 45679
36036 18 45592
46156 20 45609
46157 2 46158
46159 0 45815
46160 13 45572
46161 2 45658
46162 2 45819
1671 18 45592
46163 2 45691
13528 14 45743
2121 18 45592
41292 25 45927
19093 2 46164
41484 0 45897
46165 2 45567
9450 21 45631
1689 9 45554
46166 2 45847
8930 22 45615
46167 16 45601
45965 16 45769
24963 5 45596
4726 16 46093
19295 10 45560
24527 22 45615
10488 2 46168
46169 2 46170
46171 2 46172
43851 5 45596
12786 0 45539
45790 16 46093
46173 12 45569
41730 11 45599
46174 20 45672
15748 24 45622
46175 2 45994
46176 2 45994
28462 23 45618
37395 2 45565
46177 22 45702
46178 2 45658
46179 1 45540
13289 2 46180
18507 2 45664
43260 28 45970
21820 2 45567
46181 13 45572
46182 20 45672
44261 2 46183
46184 20 45966
11380 2 46164
13563 1 45540
46185 2 45567
46186 2 45658
9237 25 45624
46187 4 45545
46188 20 45672
46189 2 45567
9954 16 45719
16566 29 46190
46191 2 46039
46192 15 45585
46193 14 46194
46195 16 45764
46196 21 45631
1606 4 45545
6148 2 45567
46197 2 45762
46198 2 45947
46199 2 46011
46200 20 45797
46201 2 46202
46203 1 46063
46204 12 45569
46205 4 45545
2062 36 46206
46207 4 45545
46208 2 46209
205 20 45626
46210 2 45639
46211 1 45540
46212 2 45567
46213 2 45606
46214 1 45540
26017 13 45843
46215 2 45567
31052 25 45624
46216 4 45793
38406 21 45631
38816 2 46217
21850 2 45664
16636 14 45898
31883 4 45545
46218 2 46219
25440 5 45596
26365 2 45567
38857 2 46051
17687 9 45623
43218 0 46220
46221 1 45540
21232 23 45794
46222 4 45545
11310 1 45540
46223 1 46063
6640 9 45623
46224 18 45592
4196 1 45540
4531 2 45650
36255 2 46225
29243 30 45787
46226 2 45730
46227 2 46228
42515 2 46229
46230 29 45704
46231 7 45551
36734 1 45540
19558 12 45569
46232 2 46233
46234 15 45585
46235 6 45694
9317 29 45704
46236 16 45764
46237 15 45585
29940 16 45769
46238 24 45622
2841 5 45547
41499 5 45596
28215 14 45648
46239 2 46100
46240 20 45609
17330 2 45567
33518 2 45606
37367 5 45596
4773 9 45623
43170 22 45615
34787 2 45994
43387 2 46241
45232 19 45595
8864 19 45633
43269 6 45694
46242 16 45587
19795 8 45646
12094 10 45560
10777 19 45633
24144 20 46033
14907 19 45604
46243 2 46043
29000 9 45922
46244 13 45572
46245 4 45545
46246 2 45574
8778 11 45599
45376 2 45567
46247 21 45631
7614 13 45572
46248 0 46081
46249 1 45540
27376 28 45687
18158 12 45569
2440 2 46250
28244 2 45567
46251 2 45557
20583 0 45772
7298 11 45599
46252 0 46253
12794 16 45587
16044 6 45549
46254 0 45825
101 22 45615
5573 23 45618
46255 13 45572
46256 2 45567
46257 2 46258
46259 2 46260
46261 20 46033
46262 21 45631
15907 12 45579
5215 2 45762
46263 2 45669
46264 15 45585
28693 5 45547
46265 16 45769
21767 9 45922
46266 2 46267
46268 20 45626
26543 1 45540
46269 9 45554
46270 16 46093
46271 4 45545
46272 2 46273
16105 2 46274
7346 14 45898
46275 2 46276
25452 6 45549
43316 22 45615
42324 2 45641
14557 8 45552
25181 4 45545
42913 2 45685
46277 20 46033
46278 16 45587
46279 20 45626
46280 0 46081
46281 16 45587
46282 16 46093
46283 21 45631
17068 15 45585
46284 33 45984
24116 1 46063
46285 20 45672
16410 1 46063
3828 23 45618
6911 25 45927
46286 20 45626
46287 2 45759
46288 4 45545
3938 29 45704
46289 10 45560
46290 25 45624
18676 33 45984
46291 26 46292
46293 1 45540
23 2 45762
46294 2 45685
46295 2 46273
46296 14 45821
46297 7 45551
46298 2 45713
22022 23 45618
15291 2 45567
20383 9 45554
46299 2 45762
46300 16 46093
4080 2 46273
46301 22 45615
36550 32 45999
46302 25 45624
46303 18 45592
46304 18 45592
46305 23 45794
46306 0 45564
46307 8 45552
38854 3 45544
27485 0 45564
46308 2 46309
46310 18 45592
37799 5 45596
765 14 45648
46311 2 45869
46312 15 45585
32323 25 45927
46313 2 46011
29967 18 45592
39317 5 45547
46314 2 46315
30619 22 45615
46316 2 45574
46317 2 45756
46318 2 46319
14888 2 45788
46320 16 45587
28334 19 46321
15672 9 45623
46322 16 45587
46323 20 46091
13661 11 45561
39354 10 45560
42167 0 45838
46324 2 46325
46326 2 45762
17839 5 45547
46327 34 45996
8265 5 45547
21087 32 45999
46328 20 45797
25179 25 45624
1244 2 46329
46330 4 45545
46331 1 46063
46332 1 45540
46333 32 45969
46334 20 45626
46335 0 46336
46337 25 45927
19556 15 45585
41857 0 45539
41219 32 45999
46338 7 45717
46339 16 45601
46340 21 45631
44666 20 45672
46341 20 45626
46342 7 45717
6639 4 45545
46343 2 46158
46344 2 45664
39972 2 45567
31712 2 45567
46345 20 46033
2053 8 45552
27828 2 45986
46346 2 45861
46347 16 45719
46348 16 46093
46349 12 45579
46350 8 45552
46351 16 45769
46352 2 46353
39913 19 45737
46354 2 46051
44804 2 45664
37622 12 45579
25232 14 45821
17984 1 46063
46355 20 45626
23393 18 45592
46356 0 45564
46357 1 45540
46358 14 45821
46359 13 45843
14919 20 46033
20774 2 45567
46360 2 45976
5831 20 45797
13524 17 45647
46361 16 45726
33384 20 46033
46362 20 46140
7209 2 45752
46363 2 45986
15812 2 46364
21953 18 45592
46365 29 45704
96 9 45623
37011 11 45561
44933 25 45927
25069 19 45595
25880 16 45764
28737 12 46067
26957 8 45646
46366 20 45797
46367 2 46250
16340 30 46368
46369 2 46370
46371 0 45772
46372 13 45572
46373 9 45554
46374 2 45567
7580 36 46206
46375 2 46376
46377 4 45545
46378 20 45672
19083 4 45545
46379 2 45986
4489 6 45694
46380 0 45772
11897 19 45604
4938 2 45685
31355 1 45540
19696 18 45592
46381 2 45819
46382 20 45797
46383 2 45574
34068 4 45545
46384 15 45585
46385 16 45726
7983 13 45572
46386 34 45996
46387 7 45717
19469 25 45697
46388 0 45577
707 5 45596
46389 0 45577
1468 0 46081
27221 2 45567
46390 22 45615
46391 2 46392
46393 16 45587
36261 21 45631
18716 2 46394
20821 15 45585
18223 25 45624
46395 9 45554
46396 2 45611
46397 10 45744
4377 5 45596
46398 4 45793
6066 2 45567
46399 10 45560
40348 22 45615
46400 2 46401
40979 7 45551
31369 10 45560
46402 20 45966
46403 0 46404
46405 2 46273
46406 20 45609
46407 15 45585
40434 16 45769
46408 12 45569
46409 2 46410
26868 11 45599
46411 10 45560
7489 2 45788
3876 12 45569
29025 20 46140
46412 20 45672
40309 8 45552
46413 2 45685
46414 14 45821
23327 2 46076
46415 30 45787
46416 2 46417
33457 2 45847
33628 2 45847
42192 25 45697
46418 25 45624
38843 25 45697
11399 4 45545
36024 29 46190
46419 2 45658
40035 12 45579
46420 0 45564
8888 15 45585
3829 12 45569
46421 2 45606
11718 20 46033
38237 25 45624
46422 20 45609
46423 2 45756
39419 2 45669
17508 2 45869
46424 2 45664
27075 2 46425
46426 2 46051
46427 2 46428
46429 23 45618
33065 25 45697
25895 16 45587
44355 2 45567
46430 23 45618
42485 37 46431
46432 9 45554
46433 2 45575
46434 2 45685
46435 2 45986
46436 2 45696
46437 20 45609
20190 22 45615
46438 20 46091
46439 2 45574
39688 1 46063
46440 0 46441
46442 2 46443
25287 1 46063
46444 2 45669
28269 2 45606
46445 2 45856
36871 0 46446
46447 2 45664
46448 4 45545
21041 20 45797
15449 15 45585
46449 2 45567
16507 9 45554
45091 10 45560
46450 2 46451
46452 8 45552
46453 21 45631
5949 13 45572
46454 16 45769
46455 2 45620
46456 20 45626
46457 20 45679
46458 2 45759
26667 16 45726
46459 6 45694
4711 20 45626
41834 1 45540
46460 15 45585
46461 2 45658
40705 16 45726
22259 13 45572
46462 20 45609
46463 2 46464
46465 18 45592
9142 25 45927
14263 11 45599
42783 2 46233
46466 2 46051
34805 14 45581
704 18 45592
37369 0 46467
46468 34 45996
46469 2 45685
5491 2 45921
46470 0 46471
46472 0 45577
14792 9 45554
33086 22 45702
4807 4 45545
46473 29 45704
37083 0 45711
35821 2 45917
46474 2 45575
44630 2 45565
25038 11 45561
46475 2 45819
46476 4 45545
46477 2 45685
46478 10 45744
31658 4 45545
1079 2 45565
46479 2 46480
46481 2 46273
46482 15 45585
46483 3 45544
34424 2 45669
46484 0 45838
46485 2 46486
46487 24 45622
30244 21 45631
46488 16 45769
46489 0 46490
46491 18 45592
22043 18 45592
46492 1 45540
46493 16 46494
26262 1 45540
46495 2 46496
108 16 45601
24378 25 45624
46497 29 45704
41852 14 45648
17447 2 45575
31342 32 45999
46498 4 45545
33528 14 45821
12982 23 45618
13648 2 45567
46499 2 46209
3814 13 45572
46500 2 46241
46501 7 45551
38909 18 45592
46502 22 45615
40698 9 45554
10868 13 45572
19431 1 45540
45659 2 46503
46504 4 45545
46505 20 45679
20812 12 46506
46507 12 45569
46508 4 45793
41652 23 45618
17011 0 45838
46509 10 45560
46510 5 45596
46511 19 45604
42590 0 46041
40881 0 45772
46512 0 45772
46513 4 45545
46514 16 45598
32605 23 45794
11169 19 46515
24847 2 46516
14836 2 45567
46517 20 45609
46518 2 45620
2707 0 45564
3141 10 45560
8922 19 45633
24269 2 45650
46519 22 45615
46520 14 45821
2530 1 45540
21417 2 45847
46521 16 45723
46522 20 46033
46523 2 45654
44299 2 46524
46525 2 45938
40967 6 45549
12240 2 45882
46526 2 45658
531 0 45786
46527 9 45554
46528 16 45726
29489 19 45633
46529 2 46013
40106 16 45764
46530 0 45564
46531 20 45672
41893 0 45838
46532 21 45631
46533 0 46534
11244 18 45592
38906 1 46063
30896 11 45599
46535 20 45626
5325 9 45554
46536 16 45726
46537 1 45540
16419 20 45609
46538 0 45772
3176 2 45567
36727 20 45679
46539 2 46113
46540 2 45986
46541 2 45574
17452 5 45547
46542 2 46233
2258 35 46543
16551 11 45599
46544 2 45756
46545 20 45679
22571 2 45685
35021 8 45646
46546 20 45609
24408 2 45567
46547 7 45717
46548 21 45631
46549 21 45613
40073 12 45569
46550 20 45797
46551 10 45560
46552 25 45927
46553 2 46158
46554 16 45587
33228 15 45585
24311 6 45694
5583 9 45623
27003 1 45540
46555 7 45551
9555 23 45618
46556 13 45572
46557 0 46558
46559 2 46560
46561 2 46562
24502 1 45540
46563 2 45666
46564 16 45587
46565 19 46566
46567 2 45677
783 0 46568
35448 20 45609
37219 2 45574
26029 4 45545
17079 2 46569
15751 2 46570
46571 20 45609
46572 2 46074
26495 19 45604
46573 8 45552
35244 12 45569
30159 1 45540
46574 2 45685
20495 16 45764
46575 2 46576
16350 2 45685
5336 19 45633
11432 16 46093
39988 2 45685
46577 20 45672
46578 0 45564
46579 2 46580
30654 12 45569
46581 13 45572
26574 4 45545
46582 20 45672
46583 2 45869
46584 2 45567
46585 2 45756
8310 16 45726
9103 12 45569
46586 0 46587
9156 18 45592
42419 2 46158
23581 22 45702
14674 16 45769
46588 7 45717
46589 16 45587
46590 20 45672
6355 12 45569
36455 10 45560
5109 18 45592
34578 9 45922
4745 2 45565
46591 20 45679
24609 1 45540
46592 2 46593
46594 0 45838
46595 2 46596
46597 4 45545
46598 13 45572
19264 16 45769
46599 20 45797
46600 16 45587
46601 34 46602
46603 1 46063
18526 1 46063
27368 20 45609
46604 2 46605
40274 20 45626
17719 20 46033
46606 20 45966
1014 5 45547
32681 2 46180
46607 4 45545
25982 2 45685
18746 4 45545
46608 16 45601
46609 2 46610
46611 7 45551
46612 24 45622
21245 2 46613
46614 2 46613
21951 16 45769
11745 4 45545
46615 0 45711
46616 22 45615
46617 0 46618
6656 20 45626
33124 0 46041
46619 0 45772
46620 7 45717
29906 6 45694
46621 1 45540
15332 2 45685
46622 4 45545
46623 2 45872
46624 7 45717
45038 5 45596
14929 6 45694
46625 0 45577
46626 21 45631
46627 0 46628
15413 14 45648
46629 8 45552
46630 5 45596
46631 2 46632
46633 20 46033
46634 8 45552
46635 0 45772
12914 16 45719
38436 16 45719
4157 25 45927
13726 2 45856
46636 25 45624
46637 18 45592
46638 16 45726
46639 4 45545
18118 20 45609
46640 16 45587
30067 1 45540
46641 13 45843
11458 4 45545
669 9 45554
34464 19 45633
46642 8 45552
4245 5 45596
19257 12 46067
7740 4 45545
46643 21 45631
46644 2 45685
46645 29 45704
44658 0 46646
9922 25 45927
9051 2 46647
34810 16 45587
46648 0 45825
6201 6 45549
46649 6 45694
8419 0 45564
46650 9 45623
46651 16 45587
25600 2 45819
12057 25 45927
23875 24 45622
13871 16 45734
46652 21 45631
37914 16 45769
2939 16 45769
46653 2 45856
46654 4 45545
46655 2 46656
46657 2 46443
46658 15 45585
46659 0 45577
46660 20 45626
2907 2 46051
20170 2 45677
46661 2 45567
28382 8 45552
23551 2 45677
21660 12 45569
46662 2 45811
46663 20 45626
46664 9 45554
34871 13 45843
46665 2 46666
46667 1 45540
46668 6 45694
11916 14 45581
44468 10 45560
46669 9 45554
2484 0 46336
19199 20 45609
17310 4 45545
44024 18 45592
26623 15 45585
46670 30 46368
12914 6 45694
4785 2 46394
35266 20 45626
26020 9 45554
9564 18 46151
5 16 45601
19769 6 45549
46671 20 45626
12110 2 45664
46672 16 45601
22133 2 45669
25268 13 45572
10191 2 46095
46673 16 45769
1086 14 45898
24983 17 45647
35975 9 45554
46674 16 45769
46675 18 45592
39719 6 45694
46676 10 45560
46677 5 45596
41013 2 45664
46678 2 45981
46679 18 45592
46680 20 46033
46681 2 45685
46682 2 46683
46684 20 45626
8480 16 45601
4015 20 45626
19166 2 46685
14144 20 45609
35916 5 45596
23568 2 45664
27344 2 46516
20060 2 45567
27441 13 45843
46686 2 45754
46687 16 45769
46688 2 45639
46689 2 46170
46690 4 45545
46691 2 46692
46693 9 46694
46695 2 45677
46696 11 45561
1564 0 45838
46697 20 45672
46698 0 46699
32915 1 45540
43750 16 45587
41955 25 45697
11905 9 45554
46700 2 45762
14915 2 45893
46701 14 45821
46702 9 45554
23459 29 45704
46703 4 45545
39043 5 45547
46704 0 45815
25777 2 45565
38379 2 46705
46706 2 46043
46707 2 45759
46708 5 45596
29369 1 45540
46709 22 45615
46710 2 46711
46712 2 45788
25690 21 45631
46713 14 45821
42424 2 46714
46715 13 45572
46716 2 45850
15153 10 45744
16670 7 45551
46717 4 45545
30943 2 46209
24332 23 45618
33526 0 45564
10715 0 45564
46718 29 45704
46719 2 45639
46720 2 46721
46722 2 45756
46723 2 45639
39244 1 45540
46724 2 45713
13 2 45567
46725 2 45641
43073 8 45552
22391 20 45797
13287 2 46726
46727 16 45587
27101 21 45631
46728 0 46404
46729 0 45772
46730 2 45620
46731 34 45996
18894 2 45606
46732 20 45797
46733 2 45620
37068 2 46734
46735 20 45966
46736 29 45704
44582 14 45683
46737 25 45624
46738 2 45850
46739 2 45811
16076 5 45596
44076 16 45726
8010 0 45539
23303 22 45702
46740 4 45545
2010 19 46741
12207 29 45704
22792 2 45658
33138 10 45560
7130 9 45554
46742 16 45726
7809 6 45549
43915 6 45549
37600 4 45545
46743 2 45917
46744 20 45672
46745 19 45737
46746 2 45850
46747 2 45557
46748 16 45769
8191 0 45897
12632 5 45547
45495 2 45567
46749 2 45685
46750 2 45685
46751 9 45623
46752 8 45552
46753 9 45554
46754 0 46755
46756 2 46757
46758 2 46759
46760 1 46063
1678 2 46761
46762 1 45540
19336 4 45545
46318 4 45545
8043 11 45599
46763 2 45858
16511 33 45984
46764 17 45647
46765 2 45730
46766 20 45626
46767 2 46768
29698 2 45664
18468 15 45585
46769 2 45724
46770 2 45639
46771 9 45554
10238 23 45794
46772 5 45596
15541 25 45624
5718 2 45567
2823 14 45648
46773 11 45599
32559 20 45626
40128 6 45694
26467 9 45554
23966 22 45615
46774 16 45764
31522 2 46775
46776 9 45554
46777 2 45685
2210 10 45560
23096 4 45545
29797 2 46503
46778 2 46779
46780 20 45966
3635 2 45762
46781 2 45756
7489 16 45734
46782 22 45615
7428 16 45587
21360 22 45615
46783 2 45850
1443 16 45587
46784 2 45685
7150 20 46033
46785 20 45966
24519 22 45702
31386 4 45545
46786 2 46787
46788 2 45685
46789 2 46076
46790 0 46471
46213 2 46076
5985 2 45968
34969 2 46791
19459 20 45609
46792 0 45539
699 2 45994
46793 22 45615
46794 4 45545
948 9 45554
46795 0 46796
9892 21 45631
45684 2 45658
41236 2 45669
24531 10 45560
45498 2 46113
46797 10 45744
34313 14 45821
4803 2 45641
46798 22 45702
40375 25 45927
46799 0 45772
17984 16 45726
46800 11 45599
20306 21 45631
46801 2 46802
29277 2 46803
28282 21 45613
46804 29 46190
46805 2 45606
46806 2 46807
29737 23 45618
46808 0 45711
46809 2 45677
34246 20 45672
46810 2 46811
46812 0 45564
6640 11 45599
16803 12 45569
46813 9 45922
46814 2 45664
46815 2 46816
46817 1 45540
2035 6 45694
46818 2 45620
27546 2 45685
42989 29 46190
46819 18 45592
17454 23 45618
650 16 45726
46820 2 46011
46821 12 45569
17171 5 45596
46822 2 46823
38106 2 45685
20135 4 45545
13604 19 45595
46824 4 45545
97 14 45683
46825 2 45620
5643 2 45627
42760 27 45979
27955 23 45618
46826 17 45647
26596 10 45560
16528 31 46827
46828 0 45577
36780 2 45759
12298 17 45590
27181 19 45737
46829 2 46830
44128 2 45606
33153 14 45581
46831 2 45641
27836 21 45631
46832 16 45726
19780 0 45777
46833 20 45672
46834 2 45627
46835 2 45574
46836 2 46837
5601 21 45631
38224 23 45794
40162 19 46838
20851 19 45633
46839 7 45551
46840 2 45819
11533 2 45685
9681 2 45893
8655 11 45561
26159 16 45587
46841 16 45587
15800 8 45646
5231 4 45545
11728 23 45618
46842 2 46843
285 10 45560
21743 25 45624
19477 11 45599
46844 16 45587
17318 14 45821
44948 2 45669
46845 22 45702
27257 6 45549
34795 8 45552
40860 5 45596
46846 20 45672
46847 10 45560
46848 30 46368
15827 2 45664
46849 2 45575
46850 2 45669
46851 2 46852
46853 9 46694
30607 16 45726
8782 13 45572
46854 2 45947
46855 22 45615
46856 9 45554
13259 18 45592
46857 7 45717
46858 2 46859
46860 20 46033
46861 20 45609
46862 2 45685
46863 14 45821
94 6 45549
9293 2 45882
19875 2 46051
1575 36 46206
5752 2 45567
46864 2 45850
46865 4 45545
44813 20 46033
9794 23 45618
46866 2 45641
3665 18 45592
46867 7 45551
46868 2 46869
46870 20 45626
22227 8 45646
46871 2 46443
388 13 45572
39954 20 45966
10790 2 46043
46872 2 45730
46873 28 45970
46874 20 45626
42591 20 45797
46875 2 46876
46877 2 46451
46878 2 46879
37383 2 46775
46880 15 45585
8394 21 45631
11169 12 45569
46881 2 46882
46883 4 45545
34768 16 45719
46884 20 45672
46885 16 45726
46886 0 45711
46887 2 45658
46888 0 45564
46889 7 45717
46890 2 46428
17519 2 45567
1820 14 45821
46891 5 45547
46892 10 45744
16700 18 45592
45122 13 45572
551 23 45618
5982 25 45697
39201 16 45587
28690 18 45592
21517 18 45592
46893 20 45672
46894 4 45545
19630 17 45590
46895 2 45730
46896 2 45882
46897 21 45631
46898 0 45577
40809 2 45756
23868 2 46899
1667 10 45560
23458 20 45609
32727 1 45540
42691 9 45922
27355 0 46900
46901 0 45539
46902 18 45592
46903 0 45772
28426 2 45762
23416 4 45545
12577 21 45613
45366 7 45717
46904 4 45545
46905 25 45927
31667 1 46063
330 22 45615
45194 20 45609
46906 16 45769
46907 2 45658
254 16 45601
32752 16 45587
46908 4 45545
46909 17 45647
46910 21 45631
6074 1 45540
3169 11 45599
21106 18 45592
46911 2 45819
46912 2 45567
8211 4 45545
3601 0 46336
46913 16 46093
46914 21 45631
46915 9 45623
18695 15 45585
46916 20 45797
46917 1 45540
46918 16 45587
19631 15 45585
3617 15 45585
46919 13 45572
24448 12 45569
46920 16 45587
26596 19 46921
2870 11 45599
25941 13 45572
46922 17 45590
3367 13 45572
46923 2 45819
46924 4 45545
46925 2 46241
46926 1 45540
13684 27 46927
46928 0 46041
46929 2 45639
46930 2 45853
46931 2 46932
46933 16 45726
46934 18 45592
35725 2 46043
46935 2 45627
26480 29 45704
46936 20 46033
32937 2 45639
46937 2 46051
1632 2 45567
46938 1 45540
46939 2 45567
46940 23 45618
8067 8 45552
6311 29 45704
46941 21 45631
46942 10 45744
9062 13 45572
26515 0 45564
46943 2 45853
46944 21 45631
46945 10 45560
22531 35 46543
33317 2 45574
46946 2 46503
46947 0 45539
46948 16 45587
46949 2 45677
46950 2 45669
37767 5 45547
46951 7 45551
46952 20 45609
17614 19 46566
1199 16 46093
17282 21 45631
37012 2 46274
46953 9 45922
46954 2 45567
46955 18 46151
30989 16 45764
14248 4 45545
46956 0 45564
15264 14 45648
46957 27 46927
46958 2 45567
46959 16 45719
8713 5 45547
46960 16 45726
46961 2 46962
46963 2 46043
46964 2 46965
46966 2 45685
7121 2 46274
31052 15 45585
16628 20 45797
14468 22 45615
19032 1 46063
46967 16 45587
8309 12 45569
825 2 45567
46968 6 45549
8290 11 45599
23262 11 45599
46969 4 45545
46970 30 46368
42797 19 45604
30091 2 45819
11949 0 45825
46971 4 45545
46972 23 45794
46973 2 45658
46912 12 45569
39644 0 45564
46974 20 45797
46975 20 45672
46976 2 46807
38784 21 45631
46977 16 45587
46978 0 45564
46979 21 45631
13652 8 45646
46980 2 46981
21968 34 45996
25766 0 45786
46982 16 45587
46983 2 46984
46985 2 45658
46986 0 46471
46987 2 46273
46988 16 46093
46989 20 45672
33127 31 46827
46990 4 45545
1044 18 45592
20014 0 45577
10002 11 45561
46991 18 45592
46992 22 45615
46993 2 45685
46994 20 45626
13618 30 45787
46995 2 45583
10529 17 45590
46996 0 46471
46997 5 45596
23976 0 45577
46998 2 46043
46999 2 45685
47000 7 45551
47001 20 46033
19958 9 45554
47002 9 45554
19034 23 45618
5068 0 46081
47003 7 45551
44680 0 45564
24872 2 45795
47004 16 45587
7446 22 45615
47005 2 46011
33116 2 45685
19752 1 45540
5565 28 45970
7131 19 45633
47006 4 45545
41543 10 45560
10232 2 45641
47007 9 45922
1152 2 47008
41730 18 45592
47009 22 45615
47010 2 45567
28977 17 45647
34322 23 45794
47011 2 46076
47012 16 46093
32593 13 45843
42440 14 45581
47013 16 45726
47014 16 45764
18556 29 45704
47015 15 45585
47016 19 45737
8402 16 45723
36280 18 45592
46833 18 45592
47017 2 45664
47018 9 45554
47019 16 45587
47020 2 45574
38800 10 45744
12589 3 45544
47021 2 46759
21285 20 45672
15012 6 45549
47022 5 45547
2597 2 45664
47023 16 45587
27204 2 47024
47025 2 46209
47026 2 45639
47027 20 45672
47028 29 46190
19733 4 45545
47029 2 46879
41246 0 46471
13554 13 45572
47030 34 46602
26665 6 45694
47031 16 45723
47032 15 45585
35174 16 45587
41723 2 46503
44630 2 45567
23913 0 45919
372 10 45744
30133 18 45592
46964 19 45737
44555 0 47033
47034 0 45786
12979 23 45618
42769 9 45554
47035 21 45631
14919 4 45545
47036 0 45594
47037 2 47038
22079 14 45648
13531 22 45702
28893 20 45626
47039 2 47040
47041 20 45609
47042 20 45626
37061 2 46119
41712 2 45863
43452 1 46063
47043 2 47044
20238 16 45587
47045 16 47046
47047 20 46033
41698 4 45545
47048 6 45549
30058 7 45551
24261 19 45604
47049 2 47050
8950 19 45633
10271 1 45540
47051 1 45540
10835 0 45539
47052 20 45672
37765 20 46140
47053 2 45567
31501 4 45545
47054 16 45601
22497 0 45577
47055 16 45726
34409 20 45797
47056 2 46480
47057 22 45615
31531 18 45592
47058 2 45658
6152 4 45545
47059 16 46093
47060 2 45664
47061 20 45797
47062 2 47063
47064 1 46063
47065 16 45719
47066 2 45658
41347 7 45717
47067 10 45560
40348 13 45572
47068 2 45658
38760 2 46011
47069 16 45726
47070 2 47071
47072 20 45966
9576 13 45572
47073 2 47074
42496 21 45631
25080 20 45966
42494 1 45540
47075 2 45685
47076 20 46033
20982 11 45561
47077 21 45631
47078 11 45561
9794 5 45547
30826 23 45794
25259 13 45843
47079 2 47080
10540 2 46768
44969 4 45545
47081 20 45672
47082 2 46011
47083 2 47084
31461 4 45545
5841 1 45540
28275 3 45544
3127 15 45585
14746 19 45633
47085 16 45587
47086 2 45658
21672 11 45599
47087 1 46063
47088 20 45672
41742 14 45648
47089 16 45587
47090 20 45679
47091 16 45587
47092 9 45623
17616 11 45561
47093 21 45613
47094 2 45567
47095 21 45631
47096 20 45679
47097 6 45549
41528 22 45615
2875 29 46190
47098 2 47099
41032 20 46033
47100 2 45693
47101 13 45572
47102 2 45567
47103 23 45618
11344 20 45626
40858 0 47104
47105 4 45545
47106 0 46220
379 18 45592
45353 6 45694
47107 0 45564
30431 16 45587
47108 2 45641
11822 21 45631
47109 4 45545
7728 11 45561
15380 14 45743
31933 8 45646
6496 9 45554
44096 9 45623
4682 2 47063
39583 16 45764
47110 2 47111
47112 0 47113
6342 5 45596
47114 0 46471
47115 2 46274
36873 21 45631
47116 20 45626
47117 2 47118
1312 13 45572
47119 20 45797
42501 9 45554
47120 16 45764
44542 28 47121
47122 2 45850
19787 20 45797
6464 23 45618
11408 2 46003
47123 19 45737
47124 29 45704
40339 2 45664
17605 20 45679
28704 2 45574
36752 0 45777
19581 4 45545
47125 2 45882
47126 0 45825
42300 2 45834
47127 9 45623
44627 2 46394
15379 18 45592
23385 0 45897
47128 9 45554
47129 20 45966
2310 0 45577
47130 0 45772
47131 0 45564
42502 2 47132
31356 21 45631
28790 16 45769
25973 2 45639
12916 2 47133
47134 16 45601
47135 25 45927
38966 10 45560
28374 1 46063
47136 14 45821
47137 11 45599
47138 16 45587
47139 2 46596
47140 2 46202
11957 13 45572
47141 2 45567
6240 4 45545
27572 1 45540
47142 16 46093
523 28 45687
47143 2 45685
8020 9 45554
3554 12 45569
7841 30 45787
47144 2 45691
10840 13 45572
9121 20 45626
47145 18 45592
27622 2 46775
7604 20 45609
2350 3 45544
42086 18 45592
12852 2 46364
47146 2 46011
47147 20 46033
25223 14 45821
47148 2 46666
47149 2 45933
47150 9 45554
47151 4 45545
47152 2 45756
47153 2 46576
47154 9 45623
32330 0 45539
5967 29 45704
47155 25 45624
32865 5 45596
47156 2 45853
47157 4 45545
17251 2 45986
721 9 45554
47158 0 45772
47159 5 45596
47160 2 46260
47161 5 45596
40844 13 45843
28329 20 45797
1289 25 45927
47162 9 45554
47163 4 45545
39039 0 45564
46462 5 45596
20868 29 45704
40665 20 45609
28846 20 45797
44014 9 45623
36975 31 47164
73 6 45694
47165 2 47166
13063 14 45581
30966 4 45545
33957 9 45623
7885 25 45927
3664 0 45772
47167 9 45554
40919 0 45594
47168 10 45560
9696 20 45679
47169 7 45717
47170 9 45623
47171 19 45604
40623 9 45623
47172 21 45613
47173 9 45623
37667 7 45717
47174 20 45797
47175 19 45604
47176 20 45672
33281 25 45927
20846 14 45648
34092 4 45545
14474 20 45797
29465 19 45633
47177 20 45626
47178 1 45540
28720 25 45624
47179 2 47180
47181 21 45631
10562 12 46506
47182 1 45540
47183 21 45631
47184 0 47185
25062 20 45797
30673 0 45577
47186 2 46503
47187 2 46172
2628 2 47188
47189 5 45596
47190 2 46496
47191 20 45672
47192 23 45618
12803 9 45623
47193 5 45596
9002 9 45554
47194 1 46063
43325 2 45567
47195 8 45552
804 2 45567
25741 12 45569
10926 19 45633
6385 18 45592
47196 2 45567
47197 2 46830
4531 11 45599
20220 6 45549
1763 8 45646
47198 11 45561
47199 20 45672
47200 2 47201
47202 18 45592
47203 2 45724
41767 2 45664
21188 2 45788
25370 5 45596
3625 16 45726
47204 11 45561
24681 2 46807
7523 20 45626
47205 2 47206
47207 2 46051
47208 16 45587
47209 15 45585
41522 2 45893
20091 21 45631
47210 2 47211
47212 2 45669
47213 9 45554
24880 14 45581
47214 20 45609
28682 0 47215
15596 16 45769
35363 5 45547
92 10 45560
47216 2 46095
27915 18 45592
47217 20 45797
47218 4 45545
47219 16 45587
5889 30 45787
42424 30 45787
47220 0 47221
21401 0 45777
47222 24 45622
47223 4 45545
15342 0 46116
47224 0 45594
19476 25 45624
40735 5 45596
47225 16 45587
4163 2 46569
47226 0 45564
47227 2 45627
47228 12 45579
6389 21 45631
47229 5 45596
3393 2 45788
3737 31 47230
47231 0 45539
33465 2 45669
47232 2 45658
17662 34 46602
47233 2 45994
47234 4 45545
47235 2 45664
47236 1 45540
3997 5 45596
47237 2 45574
27440 16 45769
28583 0 45772
47238 5 45596
36428 8 45646
24451 6 45549
47239 2 46113
47240 14 45821
36725 16 45769
27573 18 45592
3213 2 45565
33665 4 45545
20252 25 45927
47241 1 45540
8067 22 45615
41235 15 45585
47242 13 45572
47243 0 45897
18721 4 45545
8876 15 45585
27030 2 45606
12067 0 46116
14736 16 45587
47244 19 45737
47245 2 47246
47247 9 45623
47248 2 47249
5592 5 45596
47250 16 45769
47251 20 45672
15401 2 45869
17636 16 45769
17737 2 45788
47252 1 45540
47253 20 45626
47254 2 47255
47256 2 46036
15657 2 47257
12439 4 45545
27982 2 45567
32631 15 45585
4975 19 45604
47258 2 46869
3710 15 45585
21708 1 45540
47259 15 45585
7130 15 45585
47260 0 47261
47262 20 45679
47263 3 45544
47264 1 45540
43645 21 45631
47265 20 45609
47266 7 45717
47267 13 45572
47268 6 45549
47269 16 45587
20001 15 45585
20208 21 45631
37355 2 46759
47270 2 45567
47271 16 45764
572 2 45762
39228 2 46168
21065 15 45585
2421 2 45856
47272 0 45897
47273 16 45726
13031 2 45845
47274 2 46229
47275 23 45794
47276 6 45694
9668 15 45585
2677 9 45554
47277 12 45569
47278 20 45672
47279 5 45547
14312 12 46067
47280 16 45726
47281 9 45554
3521 29 45704
47282 2 47283
47284 2 45641
47285 2 46209
47286 2 45567
47287 2 45677
7007 14 47288
47289 16 45769
47290 21 45631
38624 16 45587
13406 2 45664
32487 2 46807
47291 20 45679
47292 2 45606
47293 0 45564
47294 20 45797
47295 0 46081
47296 2 45677
25223 2 45567
40 16 45601
6475 2 45620
39549 4 45545
47297 19 45604
47298 16 45764
47299 7 45717
32501 8 45552
47300 21 45631
10697 2 46043
515 17 45647
47301 0 47302
29768 2 47303
13182 0 45577
31903 11 45561
47304 9 45623
39681 18 45592
47305 16 45587
47306 34 46602
47307 1 45540
41261 1 45540
47308 19 45737
2616 2 45567
47309 7 45717
47310 4 45545
15237 6 45694
47311 16 45769
118 2 45685
47312 7 45551
47313 32 45999
47314 2 45685
1808 9 45623
47315 2 46076
25552 29 45704
44261 0 47215
47316 4 45545
47317 2 45685
47318 9 45623
4081 2 46086
47319 17 45647
47320 0 45825
6780 30 45787
42172 24 45622
47321 20 45609
4824 1 46063
45008 33 45984
47322 18 45592
47323 2 45685
47324 25 45624
2218 23 45794
22665 2 45850
30327 31 45799
10612 11 45599
26726 2 47325
47326 2 46830
47327 20 45966
6359 2 46233
47328 2 47329
47330 15 45585
47331 2 47332
47333 7 45551
47334 2 47335
6273 20 45797
47336 4 45545
32580 4 45545
47337 20 45672
872 29 45704
3198 23 45618
47338 20 45626
47339 16 45723
5002 14 47340
1644 19 45633
47341 2 47342
10850 2 47343
47344 23 45794
13483 25 45927
47345 4 45545
47346 20 45672
41517 12 46067
47347 9 45554
10128 2 45739
47348 20 45626
10503 2 45669
43001 10 45560
21056 8 45646
47349 19 45604
47350 16 45587
47351 2 45893
47352 2 47353
7947 2 46775
12916 1 45540
47354 4 45545
8966 23 45618
47355 7 45551
47356 18 45592
47357 1 45540
11395 22 45615
37223 4 45545
47358 2 45739
19616 20 45626
26646 18 45592
47359 22 45615
47360 16 45587
47361 16 45723
47362 2 45567
47363 2 46095
47364 2 46013
47365 20 45797
29983 2 45850
10166 4 45545
2974 5 45596
47366 4 45545
47367 20 46033
11841 13 45572
47368 2 47369
47370 16 45601
47371 2 47372
16196 29 45704
27836 1 45540
47373 2 45658
36191 2 47374
47375 2 47376
47377 10 45560
47378 14 45821
29240 9 45554
145 10 45560
47379 21 45631
47380 0 45711
18906 13 45843
21329 0 45838
44568 24 45622
3954 15 45585
45388 2 45762
47381 20 45672
47382 2 46480
47383 25 45927
47384 1 45540
47385 13 45572
47386 2 47387
31899 15 45585
47388 23 45794
26935 16 45769
12487 9 45554
14741 2 45669
32657 4 45545
47389 20 46091
25627 16 45734
47390 16 45769
28559 25 45624
47391 18 45592
47392 16 45719
47393 0 47394
47395 24 45622
47396 16 45587
41090 16 45726
47397 2 45644
47398 2 45850
47399 2 45639
47400 2 46647
47401 18 45592
30363 5 45596
47402 14 45821
47403 2 46309
47404 11 45599
47405 2 47406
16201 21 45631
47407 16 45726
47408 0 45711
47409 18 45592
47410 28 47121
36984 0 46116
4456 16 45587
47411 4 45545
36506 13 45572
47412 2 45882
20 21 45631
4340 23 45618
47413 6 45694
47414 4 45545
47415 18 45592
47416 4 45545
47417 22 45702
47418 2 47419
47420 2 45658
47421 14 45821
5887 10 45560
47422 21 45631
2006 9 46694
6637 20 45797
32659 31 47230
47423 2 45574
47424 22 45615
47425 2 46074
47426 2 45921
303 21 45631
47427 5 45596
47428 2 46113
18278 2 47429
47430 4 45545
47431 1 45540
38775 6 45549
47432 2 47433
18030 9 45554
47434 2 45567
12864 2 45926
2870 16 45769
7677 20 46033
35790 9 45623
25730 12 45579
47435 2 45685
47436 2 47372
47437 17 45647
47438 20 45626
47439 2 47166
47440 0 47441
47442 34 45996
19221 10 45560
47443 18 45592
15942 18 45592
47444 2 45788
47445 8 45646
2917 18 45592
31604 2 45567
47446 15 45585
47447 16 45601
47448 2 45685
2167 2 45893
47449 2 45574
47450 4 45545
47451 2 45819
11204 2 46394
24231 16 45587
47452 9 45554
101 23 45618
47453 17 45590
41743 2 45724
30683 22 45615
47454 2 47166
8572 4 45545
47455 2 45639
506 27 45668
11345 2 45893
12274 0 45772
41550 9 45554
47456 30 45787
47457 14 45821
18325 10 45560
47458 18 46151
47459 4 45545
46005 20 45966
2445 0 45825
47460 13 45572
36683 21 45631
47461 25 45624
47462 2 45986
47463 2 47464
47465 2 45639
3627 2 45762
17347 2 45574
47466 2 45917
47467 10 45560
47468 2 47469
34030 18 45592
26561 22 45615
47470 9 45623
22279 22 45702
47471 2 45639
47472 16 45764
47473 34 45996
22558 2 45664
4014 10 45560
12543 14 47474
2630 2 45567
47475 9 45623
47476 2 45574
47477 21 45631
47478 2 45762
41467 11 45599
47479 11 45599
47480 2 46666
26625 1 45540
47481 0 45897
3611 14 45898
2335 12 45569
32525 25 45927
47482 16 45764
42489 25 45624
7346 29 45704
47483 18 45592
47484 2 45567
3198 9 45554
47485 20 46033
3226 23 45618
47486 5 45547
47487 16 45587
16178 2 46089
47488 2 46596
37939 21 45631
47489 4 45545
47490 0 45772
47491 29 45704
9107 2 45685
1366 2 45567
2886 2 47492
47493 20 46033
47494 2 45759
47495 7 45717
47496 21 45631
47497 20 45966
20937 12 46506
47498 25 45697
47499 0 47104
36598 2 45847
43648 19 45737
8565 2 45762
47500 0 47501
47502 16 45587
47503 20 45626
34148 2 45567
31287 25 45697
47504 2 45759
23020 2 45756
47505 16 45601
47506 2 47507
29258 15 45585
47508 29 46190
47509 12 45569
30622 14 45821
16172 10 45560
1525 20 45626
40548 20 45672
47510 2 47511
47512 9 45623
45170 10 45560
35280 10 45744
16589 2 45627
5126 2 46043
29029 18 45592
47513 21 45613
47514 0 45564
47225 0 46081
17498 16 45769
47515 10 45560
33147 2 45869
47516 2 45762
17125 10 45560
20747 12 45579
47517 14 45821
47518 2 46119
47519 21 45631
34238 20 45609
47520 14 45821
2557 2 47521
32035 20 46140
47522 2 46879
29224 21 45631
33412 1 45540
47523 0 47524
11236 5 45596
47525 9 45554
24511 17 45647
47526 9 45623
47527 4 45545
3455 5 45547
47528 7 45717
18743 2 45917
35949 21 45631
43863 2 46051
47529 2 47530
46658 29 45704
47531 2 47532
47533 20 45609
1821 23 45618
47534 2 47535
13451 3 45859
47536 4 45545
19740 11 45599
44101 2 47537
47538 2 45669
47539 20 45679
25046 0 47215
47540 25 45624
47541 2 45567
47542 2 45853
28855 0 45577
3866 27 45979
9072 21 45631
33835 0 45838
47543 2 45606
47544 2 45756
1683 2 45664
47545 23 45794
35075 2 47546
47547 2 47548
18959 1 46063
47549 10 45560
47550 32 45999
47551 13 45843
10978 16 45587
47552 2 45567
11228 2 45933
47553 4 45545
37386 15 45851
47554 7 45551
6097 11 45599
1844 9 45554
47555 2 46647
20978 21 45613
47556 20 45679
32293 4 45545
47557 16 45723
2392 2 45641
22879 18 45592
39426 5 45596
47558 0 47215
36467 2 45574
47559 20 46033
47560 0 47561
23208 2 47562
47563 9 46694
47564 1 46063
47565 2 45641
2793 5 45596
5501 2 46830
16024 11 45599
47566 4 45545
47567 20 45626
24061 2 45788
47568 18 45592
47569 20 45679
4965 20 46033
47570 2 47372
16595 10 45560
24927 9 45554
47571 25 45624
47572 12 45569
2382 38 47573
47574 9 45554
10227 8 45646
10600 6 45549
17404 8 45552
47575 2 47576
47577 16 45601
47578 2 47579
47580 0 45577
1599 2 47581
47582 6 45549
47583 1 45540
19672 4 45545
47584 16 45601
35400 13 45572
47585 17 45647
47586 5 45547
47587 23 45618
47588 4 45793
20711 14 45821
32940 23 45794
21275 16 45601
6688 14 47589
47590 0 45594
47591 2 45664
26895 22 45615
8139 2 47188
47592 2 45882
47593 2 45639
47594 2 45567
47595 7 45551
42708 22 45702
24081 2 45567
14085 20 45679
26186 20 45626
47309 2 46011
47596 20 46091
35177 2 45639
7421 7 45717
40388 2 45574
47597 15 45585
47598 20 45626
37450 20 45672
47599 29 45704
40142 12 45569
31859 0 45577
40971 6 45549
5852 0 45825
6275 9 45554
47600 20 45609
47601 6 45549
32727 0 47215
45013 2 47602
35039 18 45592
3858 31 47603
45522 2 45583
47604 2 45685
4801 2 45606
47605 2 47581
44027 2 45685
44312 5 45596
47606 16 46093
47607 18 45592
40616 0 45897
23842 2 47608
47609 2 45882
47610 2 46576
47611 20 45797
7311 0 45772
25796 18 45592
47612 2 47613
47614 16 46093
47615 2 45567
11310 15 45585
47616 2 47617
10626 9 45554
47618 1 45540
47619 7 45717
47620 0 47104
47621 1 45540
13316 12 45569
47622 20 45797
20887 2 46869
6582 19 45633
47623 11 45561
47624 25 45624
47625 16 45764
10650 2 45788
47626 20 45679
47567 16 45769
47627 2 45994
47628 4 45545
47629 2 45567
44505 29 45704
20022 8 45646
47630 2 46172
47631 18 45592
2263 18 45592
47632 18 45592
41160 2 46048
19397 14 45648
47633 16 45764
10407 21 45631
37756 5 45547
46709 15 45585
47634 2 46180
47635 7 45717
47636 6 45549
47637 24 45622
40520 16 45769
47638 16 45587
47639 7 45717
1694 6 47640
20298 2 46076
47641 17 45647
47642 2 45685
47643 16 46093
47644 2 46576
17896 19 45595
47645 2 45567
47646 10 45560
47647 2 46209
47648 16 45769
34364 9 45554
11685 1 45540
47649 2 45685
47650 16 45723
47651 2 46076
37057 2 45685
20281 19 45595
47652 9 45623
47653 14 45821
33284 9 45554
47654 4 45545
47655 2 45709
47656 2 47657
21006 25 45927
34640 2 46089
47658 2 47659
47660 2 45685
3315 3 45859
47661 23 45618
47662 0 46646
36620 22 45702
47663 16 45769
47664 2 46576
47665 20 45679
47666 37 46431
47667 2 46120
47668 7 45551
44366 2 45770
45808 2 45567
42456 4 45545
47669 0 47670
47671 16 45587
31612 10 45560
45261 4 45545
13239 2 45567
47672 1 45540
12316 9 45554
47673 6 45694
43330 0 45564
3314 11 45599
3658 2 45567
47674 25 45624
47675 2 47419
22669 10 45744
6001 20 45626
47676 20 45672
19951 20 45609
36553 15 45851
47677 0 46116
47678 2 45696
47679 2 45620
5849 14 47680
21078 21 45631
47681 4 45545
47682 9 45554
6927 23 45618
47496 2 47683
39787 0 47524
32588 2 46274
47684 16 45719
47685 2 45933
47686 2 46076
47687 2 46516
47688 16 45601
5360 2 45994
47689 2 47332
47690 13 45572
47691 8 45646
47692 21 45631
47693 2 45696
692 9 45922
47694 2 47180
47695 9 45554
20328 2 45567
38308 21 45631
7945 5 45596
47696 2 45664
47697 9 45554
2630 19 45633
28452 6 45549
38032 2 45819
47698 2 46560
9070 13 45572
10265 21 45613
37597 27 45979
45888 2 47699
47700 4 45545
47701 0 47104
47702 2 45762
47703 7 45717
47704 29 45704
47705 7 45551
47706 2 45691
7464 3 45859
43276 2 47707
23902 6 45549
15781 1 45540
47708 1 45540
47709 34 45996
5155 5 45547
47710 2 45606
47711 18 45592
47712 18 45592
47713 20 45672
45043 18 45592
43030 27 45979
47714 20 45797
47715 2 46233
47716 2 45567
3581 16 45726
47717 15 45585
47718 9 45554
41891 2 47719
47720 21 45631
47721 4 45545
1972 20 46033
31955 11 45599
47722 0 47723
47724 2 47188
47725 7 45717
13861 11 45561
29505 1 45540
47726 2 46932
47727 0 45815
47728 16 45726
40970 9 45623
47729 16 45719
8521 8 45646
47730 16 45726
45022 2 47731
11459 17 45647
18327 4 45545
47732 20 45672
3034 0 45539
2882 23 45618
47733 16 45769
47734 2 45658
2054 31 47735
22158 2 45685
24385 6 45694
47736 1 45540
47737 2 46113
4281 0 45897
4785 2 47738
34903 15 45585
11396 5 45596
47739 20 45672
13455 2 45770
23112 0 45815
47740 16 45601
19370 5 45596
4430 16 45587
17286 2 45567
47741 2 47188
47742 16 45769
29287 2 46852
40502 17 45647
22693 2 45620
47743 2 45567
22120 2 45869
15340 32 45999
47744 2 46095
47745 2 45574
38128 4 45793
2659 11 45599
47746 1 45540
47747 16 45587
47748 2 45756
47749 0 45772
47750 0 46587
47751 20 46033
5481 14 45581
16405 2 47752
41999 19 45737
47753 5 45547
47754 5 45596
47755 7 45717
47756 32 45999
47757 6 45549
47758 4 45545
15524 11 45561
40230 3 45544
47759 16 45726
47760 25 45927
32697 13 45843
47761 20 45797
47762 18 45592
10065 19 45633
47763 2 47764
28811 14 45821
3535 19 46921
11250 16 46093
47765 16 45587
42893 2 47766
2428 2 47707
47767 20 45679
47768 2 47769
47770 2 47771
3497 18 45592
47772 2 46051
816 19 45737
41562 0 45564
47773 17 45647
43504 13 45843
47774 16 46093
5229 2 45762
47775 2 46233
47776 29 45704
30335 2 47777
17664 10 45560
47778 2 46370
3814 35 46060
47779 2 45850
47780 2 47781
13947 20 45626
37525 13 45843
38855 4 45545
11515 16 45587
47782 20 45966
7304 2 47783
47784 0 47670
30425 19 45737
47785 2 47786
35833 6 45549
47787 16 45769
47788 0 45815
47789 2 45947
47790 10 45744
47791 20 46033
40368 2 46120
39419 20 45626
47792 5 45596
4139 16 45726
47793 2 46228
28427 18 45592
47794 2 45606
47795 2 47796
1065 16 45587
17793 12 45569
47797 14 45821
47798 29 45704
47799 2 47535
11717 30 45787
47800 2 47617
12876 17 45590
47801 2 45756
47802 2 45658
47803 16 45726
4277 14 45821
47804 20 46091
47805 2 45658
47806 21 45631
47807 16 45723
18249 29 45704
315 22 45615
47808 2 47809
1252 22 45615
47810 14 45821
15668 7 45551
31339 2 47464
47811 2 45685
47812 2 46076
43097 1 45540
4797 15 45585
47813 2 45681
15754 19 45595
47814 21 45631
30243 6 45549
27353 15 45585
47815 9 45623
42366 2 47816
47817 2 47818
19533 23 45794
47819 8 45552
47820 9 45554
34018 2 47821
19258 10 45560
47822 2 45639
47823 0 47824
47825 2 46486
26789 2 45567
47826 2 47827
47828 20 45626
22856 2 47829
47830 14 45821
47831 2 47707
47832 0 46116
47833 20 45672
42537 0 47834
215 4 45545
47674 6 45549
47835 4 45545
26977 0 45815
47836 2 45627
47837 2 45685
47838 2 46170
17525 20 45797
47839 6 45694
47840 12 45569
12506 34 46602
47841 18 45592
47842 2 46209
47843 2 45713
47844 10 45560
37634 8 45646
13060 16 45769
308 13 45572
47845 20 45672
47846 9 45554
42796 2 45994
2961 2 45627
47847 2 46807
23738 19 45595
47848 14 45821
47849 2 45567
47526 2 45664
47850 2 47851
47852 16 45764
47853 20 46140
42239 10 45560
47854 0 46081
16449 0 45772
12759 8 45552
47855 2 45739
47856 2 45575
47857 2 47617
33867 1 46063
40552 0 46441
47858 20 45966
47859 13 45843
47860 2 45713
47861 23 45794
29685 4 45545
27081 25 45624
47862 12 46506
3449 4 45545
47863 2 45664
47864 27 47865
7112 9 45623
47866 23 45618
47867 2 45685
38147 13 45572
45090 2 46401
47868 23 45618
47869 0 47870
18130 25 45624
47871 2 45639
17002 2 46775
47872 9 45922
9820 13 45572
47873 7 45551
28400 2 45658
47874 9 45922
8146 25 45624
21439 2 45685
25967 9 45554
43685 2 46183
20501 4 45545
38622 10 45560
47875 2 47532
47876 2 46250
47877 16 45587
3202 2 45762
3935 11 45561
18298 25 45624
39925 12 45569
5307 12 45579
47878 2 45756
7770 2 45575
20751 2 45627
47879 2 47071
10127 23 45618
43599 2 45658
47880 2 47881
47882 2 45574
47883 16 45719
47884 6 45549
47885 29 45704
47886 0 45897
47887 1 45540
47888 21 45613
3957 2 45664
41556 11 45599
47466 31 47889
47890 2 45869
47891 29 45704
40954 22 45702
47892 2 46086
10544 2 45685
47893 2 46443
47894 2 47657
47895 20 46033
47896 2 46807
47897 1 45540
40101 1 45540
4346 10 45560
47898 18 45592
47899 11 45599
34373 2 45850
1066 29 45704
32230 4 45545
47900 2 47901
47902 16 46093
25279 0 45577
47903 1 46063
38111 0 45577
47904 2 47766
23571 2 47530
47905 2 47906
20813 9 45554
41873 6 45549
47907 2 47908
47909 0 46568
47910 0 47911
12612 16 45587
677 29 45704
47912 16 45601
47913 14 45821
47914 2 45811
47915 12 46067
47916 7 45717
3380 19 46741
47917 18 45592
45374 16 45769
23165 2 45994
47918 2 47919
47920 2 47464
47921 0 45564
43839 22 45615
47922 2 46803
40212 4 45545
47923 19 45633
32343 20 45679
16845 9 45623
33072 1 45540
47924 0 45815
35836 7 45551
47925 4 45545
26758 20 46033
34246 2 46859
47926 0 45577
37439 7 45551
29890 4 45545
47927 2 45574
38791 22 45615
47928 20 45626
17143 19 45604
21785 8 45552
6502 1 46063
47929 2 47930
26534 19 47931
43886 25 45624
47932 2 47933
11019 20 45679
10460 6 45549
39626 23 45618
47934 2 46759
47935 0 45897
19422 2 46076
47936 25 45624
47937 20 45609
47938 16 45601
47939 2 46273
9256 2 45788
34871 2 45994
5744 13 45572
47940 22 45615
3075 14 45648
47941 1 46063
47942 4 45545
31183 16 45719
34424 22 45615
42360 10 45560
9796 16 45587
47943 2 45574
47944 2 46086
7230 13 45572
30561 20 45609
47945 20 45966
47946 2 45850
22816 18 45592
25271 2 47769
47947 12 45569
26029 16 45587
47948 6 45549
27944 9 45554
47949 20 45966
47950 2 45685
47951 2 45762
30147 15 45585
47952 9 45554
25999 8 45646
29418 20 45609
47953 2 45658
19327 16 45587
14989 6 45549
31495 21 45613
32119 23 45794
47954 21 45631
24446 2 45762
28316 4 45545
6744 25 45697
47955 0 46471
43074 2 45788
47956 1 45540
5105 25 45697
47957 20 45679
41894 2 45565
47958 16 45587
47959 21 45631
47960 0 45564
40385 1 45540
40444 13 45572
20717 2 47961
47962 2 46011
47963 9 45554
47964 2 45759
39609 2 45664
47965 2 45893
47966 16 45726
28236 8 45646
28322 2 47967
47968 2 45658
10433 25 45697
47969 2 47970
16565 2 45850
47971 0 47972
47973 12 45569
47974 2 45574
47975 2 47976
25082 2 45685
47977 2 45685
47978 2 45788
1561 14 45648
6583 2 46714
1140 8 45552
47979 2 45583
47980 13 45843
47981 2 47464
47982 20 45672
44533 21 45631
3350 21 45631
47983 2 45947
32127 22 45615
6201 7 45717
47984 34 45996
4066 4 45545
47985 2 47986
47987 0 45577
15817 14 45648
7226 2 47343
23120 6 45694
47988 4 45545
1538 8 45646
47989 2 45567
47990 7 45717
23348 10 45560
17604 4 45793
47991 2 46036
47992 20 45626
47993 4 45545
696 23 45618
20731 2 47464
26281 20 45609
47994 10 45744
42578 8 45646
47995 2 47996
47997 18 45592
31885 4 45545
123 2 45627
47998 4 45545
47999 9 45554
28497 2 45611
48000 20 45609
30017 16 45726
48001 16 45719
48002 11 45599
48003 0 45711
46996 16 45587
48004 16 45587
8252 15 45585
2261 8 45552
48005 2 46051
11706 8 45552
48006 4 45545
48007 23 45618
15378 11 45561
48008 2 47719
34809 14 45648
4371 23 45618
48009 6 45549
48010 2 48011
48012 29 45704
940 10 45560
48013 2 45863
38118 2 45938
48014 22 45615
48015 2 45575
48016 17 45590
24322 2 45664
48017 20 45626
2293 25 45927
29928 8 45646
31318 1 45540
24454 14 45581
48018 2 47771
32087 2 48019
48020 0 45577
1055 4 45545
1621 16 45587
48021 4 45545
36811 5 45547
48022 20 45672
48023 16 45587
28449 21 45631
48024 10 45560
30155 18 45592
16469 23 45618
48025 29 45704
48026 2 45754
48027 9 45922
41467 2 45567
47479 2 45567
48028 5 45596
48029 4 45545
23990 2 45685
10034 21 45631
2059 1 46063
48030 2 48031
5551 5 45547
48032 21 45631
48033 16 45587
15820 2 45641
35437 0 48034
42747 14 45821
10608 8 45646
48035 2 45963
48036 7 45551
48037 13 45843
48038 34 45996
48039 2 46250
18107 2 45788
42913 0 45564
2712 2 47576
6626 2 47521
15065 8 45552
29108 2 45567
48040 10 45560
30756 8 45552
13947 2 45677
48041 20 45609
20628 2 45856
10974 0 45772
48042 2 48043
46532 22 45615
9632 22 45615
8851 14 48044
48045 2 47255
48046 2 46051
48047 20 45672
41477 23 45794
48048 2 45784
3335 1 45540
48049 2 46428
48050 2 45567
48051 16 45726
9364 2 46233
48052 16 45587
48053 20 45626
40038 21 45631
48054 2 48055
48056 2 48057
40345 0 45825
48058 2 47576
40215 6 45549
17701 33 45984
7093 12 45569
28784 5 45547
36702 2 45567
48059 2 45709
48060 0 45577
48061 21 45631
48062 16 46093
48063 20 45966
4047 16 45587
48064 2 47683
48065 21 45631
44724 2 45574
24562 3 45544
48066 1 46063
48067 4 45545
35103 13 45572
14063 16 45734
29981 0 46471
11797 12 45569
48068 6 45549
7325 0 46081
48069 2 48070
14395 9 45623
48071 2 45567
48072 6 45694
29916 2 45557
26672 10 45560
48073 21 45631
48074 2 45685
48075 2 48076
48077 29 45704
48078 2 45574
48079 2 45856
19201 20 45626
48080 16 45769
33303 14 45581
48081 20 46091
29517 13 45572
48082 2 47469
48083 4 45545
48084 3 45859
38475 14 45648
2248 14 45648
13536 12 46506
31214 10 45560
29537 2 45567
29155 4 45545
48085 20 45672
48086 16 48087
48088 4 45545
48089 2 45606
4705 15 45585
24237 18 45592
48090 2 45858
42499 14 47340
48091 1 45540
23575 20 45609
48092 4 45545
48093 22 45702
48094 16 45726
48095 0 46116
48096 16 45719
48097 0 46116
27965 9 45623
47465 0 47104
48098 20 45609
48099 2 48100
5132 16 45587
48101 2 46043
31879 6 45694
48102 20 45797
17833 4 45545
43792 22 45615
48103 2 45685
48104 2 45574
48105 4 45545
22001 32 45999
48106 0 46081
48107 1 45540
19173 23 45618
48108 20 46033
48109 2 46632
48110 4 45545
48111 25 45624
17382 15 45585
48112 2 46613
48113 21 45631
48114 0 45539
48115 0 48116
24013 14 48117
48118 7 45717
7453 9 45922
48119 13 45843
6997 2 45696
20703 4 45793
17787 0 48120
48121 1 45540
36993 22 45615
47181 2 45567
33499 5 45596
48122 5 45596
48123 16 45726
8887 18 45592
48124 2 48125
48126 24 45622
45953 15 45585
44748 22 45702
48127 1 45540
48128 4 45545
18846 2 45567
26949 31 48129
48130 2 46250
48131 18 45592
10410 8 45646
23221 0 45772
48132 0 45838
48133 2 46089
41763 2 47532
48134 2 48135
6368 15 45585
48136 16 45601
48137 2 46209
37053 18 45592
48138 1 45540
34598 28 47121
48139 18 45592
5801 0 45564
48140 18 45592
28549 6 45694
48141 25 45624
19259 18 45592
48142 2 46113
44288 30 45787
11602 0 45564
43396 2 45850
48143 2 45882
41849 2 47777
46677 31 48144
48145 2 47786
44190 20 45626
48146 20 46033
48147 10 45560
43009 12 45579
48148 20 45609
48149 1 45540
13006 2 46775
48150 2 48151
43905 6 45694
48152 18 45592
23345 6 45549
26366 2 45994
13938 2 45856
899 2 46125
18778 5 45596
8185 21 45631
32607 22 45615
40655 5 45596
30721 22 45702
48153 15 45585
48154 7 45551
45144 2 48155
48156 0 45577
48157 2 46962
37604 22 45615
11305 25 45624
463 14 45648
48158 2 46095
48159 25 45624
29761 18 45592
48160 16 45726
48161 4 45545
15975 23 45618
32856 8 45552
48162 2 45620
42849 30 46368
48163 16 45764
48164 16 45587
48165 16 45726
48166 2 45639
15283 21 45613
15397 1 45540
48167 29 45704
48168 2 46051
48169 7 45551
48170 2 46051
48171 2 48172
45327 14 45821
15525 12 46067
48173 16 48174
48175 0 48176
48177 2 45639
17147 23 45618
48178 0 45564
144 2 47188
27013 2 45869
48179 15 45585
24766 8 45646
48180 13 45843
48181 5 45547
20234 2 47469
1123 29 46190
35621 2 45644
6659 10 45560
48182 2 45567
5409 29 45704
48183 2 45567
18457 2 45762
21216 2 45565
48184 2 46051
48185 2 45685
48186 9 45554
22677 2 45691
48187 2 46879
48188 33 45984
48189 1 45540
42753 2 46879
1626 11 45599
39195 5 45547
48190 18 45592
48191 25 45624
17369 2 45641
48192 2 46051
48193 2 45639
22664 2 46043
48194 24 45622
9606 14 45581
10378 2 45567
4430 4 45545
24478 9 45554
39456 1 45540
24239 2 48195
40603 2 45639
16804 15 45585
7583 16 45587
12402 13 45572
48196 6 45549
4693 29 45704
48197 2 45963
20931 2 45856
39875 2 45567
